   1.5593147999903001E-003
   1.5593147999901785E-003
   1.5593147999900555E-003
   1.5593147999899313E-003
   1.5593147999898051E-003
   1.5593147999896776E-003
   1.5593147999895479E-003
   1.5593147999894174E-003
   1.5593147999892847E-003
   1.5593147999891500E-003
   1.5593147999890145E-003
   1.5593147999888770E-003
   1.5593147999887378E-003
   1.5593147999885975E-003
   1.5593147999884548E-003
   1.5593147999883113E-003
   1.5593147999881656E-003
   1.5593147999880188E-003
   1.5593147999878704E-003
   1.5593147999877204E-003
   1.5593147999875688E-003
   1.5593147999874162E-003
   1.5593147999872620E-003
   1.5593147999871061E-003
   1.5593147999869493E-003
   1.5593147999867910E-003
   1.5593147999866314E-003
   1.5593147999864703E-003
   1.5593147999863079E-003
   1.5593147999861446E-003
   1.5593147999859800E-003
   1.5593147999858139E-003
   1.5593147999856474E-003
   1.5593147999854791E-003
   1.5593147999853100E-003
   1.5593147999851398E-003
   1.5593147999849680E-003
   1.5593147999847952E-003
   1.5593147999846217E-003
   1.5593147999844470E-003
   1.5593147999842707E-003
   1.5593147999840937E-003
   1.5593147999839155E-003
   1.5593147999837366E-003
   1.5593147999835562E-003
   1.5593147999833745E-003
   1.5593147999831917E-003
   1.5593147999830072E-003
   1.5593147999828222E-003
   1.5593147999826364E-003
   1.5593147999824484E-003
   1.5593147999822593E-003
   1.5593147999820682E-003
   1.5593147999818765E-003
   1.5593147999816833E-003
   1.5593147999814882E-003
   1.5593147999812915E-003
   1.5593147999810940E-003
   1.5593147999808938E-003
   1.5593147999806919E-003
   1.5593147999804888E-003
   1.5593147999802836E-003
   1.5593147999800763E-003
   1.5593147999798673E-003
   1.5593147999796559E-003
   1.5593147999794423E-003
   1.5593147999792265E-003
   1.5593147999790086E-003
   1.5593147999787881E-003
   1.5593147999785656E-003
   1.5593147999783403E-003
   1.5593147999781126E-003
   1.5593147999778828E-003
   1.5593147999776497E-003
   1.5593147999774140E-003
   1.5593147999771757E-003
   1.5593147999769341E-003
   1.5593147999766904E-003
   1.5593147999764434E-003
   1.5593147999761936E-003
   1.5593147999759405E-003
   1.5593147999756849E-003
   1.5593147999754264E-003
   1.5593147999751645E-003
   1.5593147999748993E-003
   1.5593147999746315E-003
   1.5593147999743598E-003
   1.5593147999740855E-003
   1.5593147999738079E-003
   1.5593147999735275E-003
   1.5593147999732441E-003
   1.5593147999729570E-003
   1.5593147999726671E-003
   1.5593147999723733E-003
   1.5593147999720769E-003
   1.5593147999717776E-003
   1.5593147999714754E-003
   1.5593147999711698E-003
   1.5593147999708611E-003
   1.5593147999705497E-003
   1.5593147999702348E-003
   1.5593147999699176E-003
   1.5593147999695971E-003
   1.5593147999692740E-003
   1.5593147999689477E-003
   1.5593147999686185E-003
   1.5593147999682872E-003
   1.5593147999679530E-003
   1.5593147999676158E-003
   1.5593147999672760E-003
   1.5593147999669336E-003
   1.5593147999665891E-003
   1.5593147999662419E-003
   1.5593147999658919E-003
   1.5593147999655402E-003
   1.5593147999651857E-003
   1.5593147999648288E-003
   1.5593147999644701E-003
   1.5593147999641080E-003
   1.5593147999637443E-003
   1.5593147999633785E-003
   1.5593147999630106E-003
   1.5593147999626400E-003
   1.5593147999622668E-003
   1.5593147999618917E-003
   1.5593147999615146E-003
   1.5593147999611353E-003
   1.5593147999607539E-003
   1.5593147999603699E-003
   1.5593147999599833E-003
   1.5593147999595953E-003
   1.5593147999592041E-003
   1.5593147999588106E-003
   1.5593147999584153E-003
   1.5593147999580176E-003
   1.5593147999576167E-003
   1.5593147999572135E-003
   1.5593147999568072E-003
   1.5593147999563995E-003
   1.5593147999559886E-003
   1.5593147999555742E-003
   1.5593147999551577E-003
   1.5593147999547377E-003
   1.5593147999543148E-003
   1.5593147999538887E-003
   1.5593147999534596E-003
   1.5593147999530281E-003
   1.5593147999525920E-003
   1.5593147999521529E-003
   1.5593147999517101E-003
   1.5593147999512639E-003
   1.5593147999508139E-003
   1.5593147999503599E-003
   1.5593147999499023E-003
   1.5593147999494411E-003
   1.5593147999489749E-003
   1.5593147999485050E-003
   1.5593147999480306E-003
   1.5593147999475518E-003
   1.5593147999470687E-003
   1.5593147999465812E-003
   1.5593147999460888E-003
   1.5593147999455920E-003
   1.5593147999450898E-003
   1.5593147999445832E-003
   1.5593147999440715E-003
   1.5593147999435546E-003
   1.5593147999430328E-003
   1.5593147999425059E-003
   1.5593147999419742E-003
   1.5593147999414365E-003
   1.5593147999408937E-003
   1.5593147999403457E-003
   1.5593147999397922E-003
   1.5593147999392331E-003
   1.5593147999386685E-003
   1.5593147999380986E-003
   1.5593147999375231E-003
   1.5593147999369416E-003
   1.5593147999363552E-003
   1.5593147999357626E-003
   1.5593147999351648E-003
   1.5593147999345611E-003
   1.5593147999339520E-003
   1.5593147999333368E-003
   1.5593147999327164E-003
   1.5593147999320895E-003
   1.5593147999314577E-003
   1.5593147999308202E-003
   1.5593147999301766E-003
   1.5593147999295278E-003
   1.5593147999288729E-003
   1.5593147999282131E-003
   1.5593147999275467E-003
   1.5593147999268754E-003
   1.5593147999261986E-003
   1.5593147999255154E-003
   1.5593147999248271E-003
   1.5593147999241332E-003
   1.5593147999234333E-003
   1.5593147999227283E-003
   1.5593147999220177E-003
   1.5593147999213013E-003
   1.5593147999205788E-003
   1.5593147999198515E-003
   1.5593147999191175E-003
   1.5593147999183789E-003
   1.5593147999176343E-003
   1.5593147999168840E-003
   1.5593147999161277E-003
   1.5593147999153657E-003
   1.5593147999145983E-003
   1.5593147999138244E-003
   1.5593147999130453E-003
   1.5593147999122599E-003
   1.5593147999114687E-003
   1.5593147999106711E-003
   1.5593147999098677E-003
   1.5593147999090578E-003
   1.5593147999082417E-003
   1.5593147999074192E-003
   1.5593147999065904E-003
   1.5593147999057551E-003
   1.5593147999049132E-003
   1.5593147999040642E-003
   1.5593147999032090E-003
   1.5593147999023468E-003
   1.5593147999014775E-003
   1.5593147999006006E-003
   1.5593147998997170E-003
   1.5593147998988260E-003
   1.5593147998979272E-003
   1.5593147998970208E-003
   1.5593147998961073E-003
   1.5593147998951855E-003
   1.5593147998942557E-003
   1.5593147998933180E-003
   1.5593147998923720E-003
   1.5593147998914177E-003
   1.5593147998904544E-003
   1.5593147998894830E-003
   1.5593147998885029E-003
   1.5593147998875137E-003
   1.5593147998865158E-003
   1.5593147998855085E-003
   1.5593147998844920E-003
   1.5593147998834659E-003
   1.5593147998824311E-003
   1.5593147998813860E-003
   1.5593147998803317E-003
   1.5593147998792670E-003
   1.5593147998781926E-003
   1.5593147998771081E-003
   1.5593147998760140E-003
   1.5593147998749092E-003
   1.5593147998737942E-003
   1.5593147998726685E-003
   1.5593147998715323E-003
   1.5593147998703859E-003
   1.5593147998692288E-003
   1.5593147998680600E-003
   1.5593147998668815E-003
   1.5593147998656915E-003
   1.5593147998644908E-003
   1.5593147998632783E-003
   1.5593147998620551E-003
   1.5593147998608208E-003
   1.5593147998595753E-003
   1.5593147998583185E-003
   1.5593147998570502E-003
   1.5593147998557710E-003
   1.5593147998544798E-003
   1.5593147998531768E-003
   1.5593147998518627E-003
   1.5593147998505372E-003
   1.5593147998491993E-003
   1.5593147998478507E-003
   1.5593147998464896E-003
   1.5593147998451172E-003
   1.5593147998437323E-003
   1.5593147998423356E-003
   1.5593147998409277E-003
   1.5593147998395074E-003
   1.5593147998380753E-003
   1.5593147998366310E-003
   1.5593147998351742E-003
   1.5593147998337054E-003
   1.5593147998322243E-003
   1.5593147998307310E-003
   1.5593147998292254E-003
   1.5593147998277069E-003
   1.5593147998261769E-003
   1.5593147998246334E-003
   1.5593147998230771E-003
   1.5593147998215087E-003
   1.5593147998199273E-003
   1.5593147998183327E-003
   1.5593147998167252E-003
   1.5593147998151046E-003
   1.5593147998134707E-003
   1.5593147998118236E-003
   1.5593147998101621E-003
   1.5593147998084877E-003
   1.5593147998067998E-003
   1.5593147998050974E-003
   1.5593147998033815E-003
   1.5593147998016509E-003
   1.5593147997999060E-003
   1.5593147997981470E-003
   1.5593147997963735E-003
   1.5593147997945845E-003
   1.5593147997927813E-003
   1.5593147997909626E-003
   1.5593147997891282E-003
   1.5593147997872794E-003
   1.5593147997854137E-003
   1.5593147997835330E-003
   1.5593147997816357E-003
   1.5593147997797229E-003
   1.5593147997777931E-003
   1.5593147997758467E-003
   1.5593147997738839E-003
   1.5593147997719039E-003
   1.5593147997699068E-003
   1.5593147997678923E-003
   1.5593147997658599E-003
   1.5593147997638099E-003
   1.5593147997617421E-003
   1.5593147997596559E-003
   1.5593147997575514E-003
   1.5593147997554290E-003
   1.5593147997532870E-003
   1.5593147997511260E-003
   1.5593147997489463E-003
   1.5593147997467471E-003
   1.5593147997445289E-003
   1.5593147997422900E-003
   1.5593147997400316E-003
   1.5593147997377537E-003
   1.5593147997354547E-003
   1.5593147997331358E-003
   1.5593147997307959E-003
   1.5593147997284352E-003
   1.5593147997260536E-003
   1.5593147997236515E-003
   1.5593147997212272E-003
   1.5593147997187819E-003
   1.5593147997163151E-003
   1.5593147997138262E-003
   1.5593147997113156E-003
   1.5593147997087829E-003
   1.5593147997062279E-003
   1.5593147997036499E-003
   1.5593147997010498E-003
   1.5593147996984273E-003
   1.5593147996957812E-003
   1.5593147996931134E-003
   1.5593147996904213E-003
   1.5593147996877060E-003
   1.5593147996849673E-003
   1.5593147996822057E-003
   1.5593147996794195E-003
   1.5593147996766097E-003
   1.5593147996737760E-003
   1.5593147996709178E-003
   1.5593147996680354E-003
   1.5593147996651280E-003
   1.5593147996621963E-003
   1.5593147996592401E-003
   1.5593147996562590E-003
   1.5593147996532518E-003
   1.5593147996502200E-003
   1.5593147996471627E-003
   1.5593147996440797E-003
   1.5593147996409709E-003
   1.5593147996378362E-003
   1.5593147996346747E-003
   1.5593147996314871E-003
   1.5593147996282733E-003
   1.5593147996250324E-003
   1.5593147996217642E-003
   1.5593147996184691E-003
   1.5593147996151469E-003
   1.5593147996117965E-003
   1.5593147996084188E-003
   1.5593147996050124E-003
   1.5593147996015775E-003
   1.5593147995981149E-003
   1.5593147995946227E-003
   1.5593147995911017E-003
   1.5593147995875513E-003
   1.5593147995839715E-003
   1.5593147995803616E-003
   1.5593147995767217E-003
   1.5593147995730514E-003
   1.5593147995693504E-003
   1.5593147995656179E-003
   1.5593147995618549E-003
   1.5593147995580595E-003
   1.5593147995542327E-003
   1.5593147995503734E-003
   1.5593147995464822E-003
   1.5593147995425576E-003
   1.5593147995385998E-003
   1.5593147995346089E-003
   1.5593147995305839E-003
   1.5593147995265246E-003
   1.5593147995224311E-003
   1.5593147995183027E-003
   1.5593147995141394E-003
   1.5593147995099400E-003
   1.5593147995057056E-003
   1.5593147995014345E-003
   1.5593147994971267E-003
   1.5593147994927823E-003
   1.5593147994884011E-003
   1.5593147994839816E-003
   1.5593147994795247E-003
   1.5593147994750294E-003
   1.5593147994704952E-003
   1.5593147994659225E-003
   1.5593147994613099E-003
   1.5593147994566580E-003
   1.5593147994519660E-003
   1.5593147994472333E-003
   1.5593147994424606E-003
   1.5593147994376459E-003
   1.5593147994327902E-003
   1.5593147994278922E-003
   1.5593147994229528E-003
   1.5593147994179702E-003
   1.5593147994129449E-003
   1.5593147994078763E-003
   1.5593147994027645E-003
   1.5593147993976080E-003
   1.5593147993924075E-003
   1.5593147993871619E-003
   1.5593147993818723E-003
   1.5593147993765365E-003
   1.5593147993711552E-003
   1.5593147993657277E-003
   1.5593147993602538E-003
   1.5593147993547328E-003
   1.5593147993491646E-003
   1.5593147993435484E-003
   1.5593147993378847E-003
   1.5593147993321723E-003
   1.5593147993264111E-003
   1.5593147993206008E-003
   1.5593147993147409E-003
   1.5593147993088309E-003
   1.5593147993028709E-003
   1.5593147992968600E-003
   1.5593147992907976E-003
   1.5593147992846842E-003
   1.5593147992785186E-003
   1.5593147992723007E-003
   1.5593147992660292E-003
   1.5593147992597051E-003
   1.5593147992533269E-003
   1.5593147992468952E-003
   1.5593147992404082E-003
   1.5593147992338660E-003
   1.5593147992272686E-003
   1.5593147992206155E-003
   1.5593147992139051E-003
   1.5593147992071382E-003
   1.5593147992003140E-003
   1.5593147991934317E-003
   1.5593147991864904E-003
   1.5593147991794906E-003
   1.5593147991724314E-003
   1.5593147991653116E-003
   1.5593147991581318E-003
   1.5593147991508909E-003
   1.5593147991435877E-003
   1.5593147991362227E-003
   1.5593147991287953E-003
   1.5593147991213041E-003
   1.5593147991137491E-003
   1.5593147991061298E-003
   1.5593147990984454E-003
   1.5593147990906951E-003
   1.5593147990828789E-003
   1.5593147990749956E-003
   1.5593147990670450E-003
   1.5593147990590262E-003
   1.5593147990509389E-003
   1.5593147990427820E-003
   1.5593147990345553E-003
   1.5593147990262579E-003
   1.5593147990178898E-003
   1.5593147990094495E-003
   1.5593147990009368E-003
   1.5593147989923510E-003
   1.5593147989836913E-003
   1.5593147989749574E-003
   1.5593147989661480E-003
   1.5593147989572630E-003
   1.5593147989483012E-003
   1.5593147989392628E-003
   1.5593147989301467E-003
   1.5593147989209518E-003
   1.5593147989116779E-003
   1.5593147989023241E-003
   1.5593147988928900E-003
   1.5593147988833742E-003
   1.5593147988737770E-003
   1.5593147988640973E-003
   1.5593147988543338E-003
   1.5593147988444869E-003
   1.5593147988345547E-003
   1.5593147988245380E-003
   1.5593147988144343E-003
   1.5593147988042443E-003
   1.5593147987939667E-003
   1.5593147987836009E-003
   1.5593147987731464E-003
   1.5593147987626019E-003
   1.5593147987519674E-003
   1.5593147987412418E-003
   1.5593147987304243E-003
   1.5593147987195133E-003
   1.5593147987085099E-003
   1.5593147986974120E-003
   1.5593147986862200E-003
   1.5593147986749318E-003
   1.5593147986635476E-003
   1.5593147986520655E-003
   1.5593147986404864E-003
   1.5593147986288083E-003
   1.5593147986170308E-003
   1.5593147986051525E-003
   1.5593147985931738E-003
   1.5593147985810930E-003
   1.5593147985689091E-003
   1.5593147985566227E-003
   1.5593147985442316E-003
   1.5593147985317349E-003
   1.5593147985191323E-003
   1.5593147985064229E-003
   1.5593147984936061E-003
   1.5593147984806802E-003
   1.5593147984676447E-003
   1.5593147984544985E-003
   1.5593147984412415E-003
   1.5593147984278722E-003
   1.5593147984143893E-003
   1.5593147984007925E-003
   1.5593147983870802E-003
   1.5593147983732523E-003
   1.5593147983593071E-003
   1.5593147983452434E-003
   1.5593147983310612E-003
   1.5593147983167582E-003
   1.5593147983023346E-003
   1.5593147982877892E-003
   1.5593147982731199E-003
   1.5593147982583269E-003
   1.5593147982434078E-003
   1.5593147982283623E-003
   1.5593147982131900E-003
   1.5593147981978874E-003
   1.5593147981824559E-003
   1.5593147981668933E-003
   1.5593147981511986E-003
   1.5593147981353703E-003
   1.5593147981194072E-003
   1.5593147981033089E-003
   1.5593147980870734E-003
   1.5593147980707000E-003
   1.5593147980541868E-003
   1.5593147980375330E-003
   1.5593147980207372E-003
   1.5593147980037983E-003
   1.5593147979867147E-003
   1.5593147979694859E-003
   1.5593147979521087E-003
   1.5593147979345843E-003
   1.5593147979169101E-003
   1.5593147978990834E-003
   1.5593147978811060E-003
   1.5593147978629736E-003
   1.5593147978446864E-003
   1.5593147978262430E-003
   1.5593147978076409E-003
   1.5593147977888795E-003
   1.5593147977699575E-003
   1.5593147977508728E-003
   1.5593147977316249E-003
   1.5593147977122121E-003
   1.5593147976926320E-003
   1.5593147976728846E-003
   1.5593147976529671E-003
   1.5593147976328790E-003
   1.5593147976126177E-003
   1.5593147975921829E-003
   1.5593147975715730E-003
   1.5593147975507852E-003
   1.5593147975298193E-003
   1.5593147975086728E-003
   1.5593147974873444E-003
   1.5593147974658334E-003
   1.5593147974441374E-003
   1.5593147974222550E-003
   1.5593147974001845E-003
   1.5593147973779243E-003
   1.5593147973554727E-003
   1.5593147973328287E-003
   1.5593147973099900E-003
   1.5593147972869552E-003
   1.5593147972637219E-003
   1.5593147972402901E-003
   1.5593147972166566E-003
   1.5593147971928207E-003
   1.5593147971687796E-003
   1.5593147971445318E-003
   1.5593147971200768E-003
   1.5593147970954118E-003
   1.5593147970705352E-003
   1.5593147970454451E-003
   1.5593147970201398E-003
   1.5593147969946177E-003
   1.5593147969688770E-003
   1.5593147969429160E-003
   1.5593147969167325E-003
   1.5593147968903246E-003
   1.5593147968636907E-003
   1.5593147968368287E-003
   1.5593147968097365E-003
   1.5593147967824122E-003
   1.5593147967548542E-003
   1.5593147967270609E-003
   1.5593147966990290E-003
   1.5593147966707578E-003
   1.5593147966422450E-003
   1.5593147966134876E-003
   1.5593147965844846E-003
   1.5593147965552335E-003
   1.5593147965257323E-003
   1.5593147964959790E-003
   1.5593147964659713E-003
   1.5593147964357069E-003
   1.5593147964051840E-003
   1.5593147963743998E-003
   1.5593147963433526E-003
   1.5593147963120400E-003
   1.5593147962804598E-003
   1.5593147962486094E-003
   1.5593147962164864E-003
   1.5593147961840889E-003
   1.5593147961514148E-003
   1.5593147961184609E-003
   1.5593147960852255E-003
   1.5593147960517055E-003
   1.5593147960178987E-003
   1.5593147959838030E-003
   1.5593147959494151E-003
   1.5593147959147330E-003
   1.5593147958797547E-003
   1.5593147958444767E-003
   1.5593147958088973E-003
   1.5593147957730124E-003
   1.5593147957368211E-003
   1.5593147957003194E-003
   1.5593147956635056E-003
   1.5593147956263762E-003
   1.5593147955889285E-003
   1.5593147955511606E-003
   1.5593147955130686E-003
   1.5593147954746504E-003
   1.5593147954359031E-003
   1.5593147953968235E-003
   1.5593147953574095E-003
   1.5593147953176574E-003
   1.5593147952775643E-003
   1.5593147952371275E-003
   1.5593147951963437E-003
   1.5593147951552106E-003
   1.5593147951137247E-003
   1.5593147950718831E-003
   1.5593147950296827E-003
   1.5593147949871202E-003
   1.5593147949441923E-003
   1.5593147949008966E-003
   1.5593147948572289E-003
   1.5593147948131871E-003
   1.5593147947687677E-003
   1.5593147947239668E-003
   1.5593147946787816E-003
   1.5593147946332086E-003
   1.5593147945872450E-003
   1.5593147945408871E-003
   1.5593147944941315E-003
   1.5593147944469748E-003
   1.5593147943994135E-003
   1.5593147943514447E-003
   1.5593147943030639E-003
   1.5593147942542683E-003
   1.5593147942050546E-003
   1.5593147941554183E-003
   1.5593147941053570E-003
   1.5593147940548668E-003
   1.5593147940039427E-003
   1.5593147939525829E-003
   1.5593147939007819E-003
   1.5593147938485379E-003
   1.5593147937958457E-003
   1.5593147937427022E-003
   1.5593147936891034E-003
   1.5593147936350448E-003
   1.5593147935805238E-003
   1.5593147935255352E-003
   1.5593147934700768E-003
   1.5593147934141421E-003
   1.5593147933577289E-003
   1.5593147933008326E-003
   1.5593147932434495E-003
   1.5593147931855750E-003
   1.5593147931272050E-003
   1.5593147930683348E-003
   1.5593147930089617E-003
   1.5593147929490799E-003
   1.5593147928886861E-003
   1.5593147928277752E-003
   1.5593147927663435E-003
   1.5593147927043863E-003
   1.5593147926418985E-003
   1.5593147925788767E-003
   1.5593147925153155E-003
   1.5593147924512108E-003
   1.5593147923865576E-003
   1.5593147923213516E-003
   1.5593147922555880E-003
   1.5593147921892619E-003
   1.5593147921223686E-003
   1.5593147920549032E-003
   1.5593147919868611E-003
   1.5593147919182367E-003
   1.5593147918490258E-003
   1.5593147917792229E-003
   1.5593147917088233E-003
   1.5593147916378213E-003
   1.5593147915662128E-003
   1.5593147914939910E-003
   1.5593147914211524E-003
   1.5593147913476899E-003
   1.5593147912735996E-003
   1.5593147911988755E-003
   1.5593147911235126E-003
   1.5593147910475051E-003
   1.5593147909708468E-003
   1.5593147908935332E-003
   1.5593147908155580E-003
   1.5593147907369154E-003
   1.5593147906576004E-003
   1.5593147905776071E-003
   1.5593147904969283E-003
   1.5593147904155596E-003
   1.5593147903334948E-003
   1.5593147902507271E-003
   1.5593147901672513E-003
   1.5593147900830611E-003
   1.5593147899981505E-003
   1.5593147899125121E-003
   1.5593147898261409E-003
   1.5593147897390305E-003
   1.5593147896511741E-003
   1.5593147895625651E-003
   1.5593147894731978E-003
   1.5593147893830644E-003
   1.5593147892921599E-003
   1.5593147892004762E-003
   1.5593147891080075E-003
   1.5593147890147470E-003
   1.5593147889206873E-003
   1.5593147888258217E-003
   1.5593147887301435E-003
   1.5593147886336458E-003
   1.5593147885363213E-003
   1.5593147884381622E-003
   1.5593147883391631E-003
   1.5593147882393154E-003
   1.5593147881386119E-003
   1.5593147880370456E-003
   1.5593147879346086E-003
   1.5593147878312944E-003
   1.5593147877270945E-003
   1.5593147876220024E-003
   1.5593147875160086E-003
   1.5593147874091065E-003
   1.5593147873012888E-003
   1.5593147871925466E-003
   1.5593147870828735E-003
   1.5593147869722595E-003
   1.5593147868606986E-003
   1.5593147867481805E-003
   1.5593147866346990E-003
   1.5593147865202448E-003
   1.5593147864048100E-003
   1.5593147862883858E-003
   1.5593147861709641E-003
   1.5593147860525362E-003
   1.5593147859330936E-003
   1.5593147858126281E-003
   1.5593147856911300E-003
   1.5593147855685913E-003
   1.5593147854450027E-003
   1.5593147853203558E-003
   1.5593147851946400E-003
   1.5593147850678482E-003
   1.5593147849399700E-003
   1.5593147848109972E-003
   1.5593147846809192E-003
   1.5593147845497273E-003
   1.5593147844174119E-003
   1.5593147842839637E-003
   1.5593147841493724E-003
   1.5593147840136288E-003
   1.5593147838767233E-003
   1.5593147837386452E-003
   1.5593147835993853E-003
   1.5593147834589332E-003
   1.5593147833172787E-003
   1.5593147831744116E-003
   1.5593147830303218E-003
   1.5593147828849986E-003
   1.5593147827384316E-003
   1.5593147825906110E-003
   1.5593147824415250E-003
   1.5593147822911631E-003
   1.5593147821395151E-003
   1.5593147819865690E-003
   1.5593147818323146E-003
   1.5593147816767411E-003
   1.5593147815198361E-003
   1.5593147813615894E-003
   1.5593147812019883E-003
   1.5593147810410231E-003
   1.5593147808786799E-003
   1.5593147807149495E-003
   1.5593147805498175E-003
   1.5593147803832741E-003
   1.5593147802153056E-003
   1.5593147800459018E-003
   1.5593147798750485E-003
   1.5593147797027347E-003
   1.5593147795289466E-003
   1.5593147793536734E-003
   1.5593147791769012E-003
   1.5593147789986176E-003
   1.5593147788188094E-003
   1.5593147786374638E-003
   1.5593147784545684E-003
   1.5593147782701081E-003
   1.5593147780840714E-003
   1.5593147778964435E-003
   1.5593147777072122E-003
   1.5593147775163623E-003
   1.5593147773238804E-003
   1.5593147771297536E-003
   1.5593147769339666E-003
   1.5593147767365054E-003
   1.5593147765373557E-003
   1.5593147763365033E-003
   1.5593147761339334E-003
   1.5593147759296313E-003
   1.5593147757235817E-003
   1.5593147755157705E-003
   1.5593147753061815E-003
   1.5593147750948006E-003
   1.5593147748816111E-003
   1.5593147746665989E-003
   1.5593147744497467E-003
   1.5593147742310398E-003
   1.5593147740104616E-003
   1.5593147737879964E-003
   1.5593147735636285E-003
   1.5593147733373401E-003
   1.5593147731091156E-003
   1.5593147728789382E-003
   1.5593147726467912E-003
   1.5593147724126564E-003
   1.5593147721765185E-003
   1.5593147719383587E-003
   1.5593147716981609E-003
   1.5593147714559057E-003
   1.5593147712115768E-003
   1.5593147709651565E-003
   1.5593147707166249E-003
   1.5593147704659656E-003
   1.5593147702131587E-003
   1.5593147699581868E-003
   1.5593147697010314E-003
   1.5593147694416727E-003
   1.5593147691800920E-003
   1.5593147689162705E-003
   1.5593147686501876E-003
   1.5593147683818256E-003
   1.5593147681111632E-003
   1.5593147678381815E-003
   1.5593147675628599E-003
   1.5593147672851781E-003
   1.5593147670051161E-003
   1.5593147667226541E-003
   1.5593147664377698E-003
   1.5593147661504430E-003
   1.5593147658606529E-003
   1.5593147655683780E-003
   1.5593147652735967E-003
   1.5593147649762883E-003
   1.5593147646764300E-003
   1.5593147643740003E-003
   1.5593147640689772E-003
   1.5593147637613380E-003
   1.5593147634510602E-003
   1.5593147631381224E-003
   1.5593147628225009E-003
   1.5593147625041716E-003
   1.5593147621831122E-003
   1.5593147618593001E-003
   1.5593147615327113E-003
   1.5593147612033215E-003
   1.5593147608711066E-003
   1.5593147605360437E-003
   1.5593147601981072E-003
   1.5593147598572728E-003
   1.5593147595135161E-003
   1.5593147591668125E-003
   1.5593147588171365E-003
   1.5593147584644631E-003
   1.5593147581087663E-003
   1.5593147577500209E-003
   1.5593147573882006E-003
   1.5593147570232796E-003
   1.5593147566552313E-003
   1.5593147562840302E-003
   1.5593147559096478E-003
   1.5593147555320584E-003
   1.5593147551512352E-003
   1.5593147547671498E-003
   1.5593147543797755E-003
   1.5593147539890839E-003
   1.5593147535950466E-003
   1.5593147531976369E-003
   1.5593147527968251E-003
   1.5593147523925827E-003
   1.5593147519848811E-003
   1.5593147515736904E-003
   1.5593147511589825E-003
   1.5593147507407272E-003
   1.5593147503188936E-003
   1.5593147498934533E-003
   1.5593147494643743E-003
   1.5593147490316269E-003
   1.5593147485951798E-003
   1.5593147481550022E-003
   1.5593147477110626E-003
   1.5593147472633291E-003
   1.5593147468117696E-003
   1.5593147463563524E-003
   1.5593147458970451E-003
   1.5593147454338141E-003
   1.5593147449666266E-003
   1.5593147444954497E-003
   1.5593147440202491E-003
   1.5593147435409909E-003
   1.5593147430576417E-003
   1.5593147425701655E-003
   1.5593147420785284E-003
   1.5593147415826948E-003
   1.5593147410826293E-003
   1.5593147405782962E-003
   1.5593147400696592E-003
   1.5593147395566813E-003
   1.5593147390393261E-003
   1.5593147385175564E-003
   1.5593147379913343E-003
   1.5593147374606227E-003
   1.5593147369253827E-003
   1.5593147363855758E-003
   1.5593147358411628E-003
   1.5593147352921050E-003
   1.5593147347383626E-003
   1.5593147341798942E-003
   1.5593147336166611E-003
   1.5593147330486214E-003
   1.5593147324757344E-003
   1.5593147318979576E-003
   1.5593147313152499E-003
   1.5593147307275687E-003
   1.5593147301348708E-003
   1.5593147295371132E-003
   1.5593147289342522E-003
   1.5593147283262444E-003
   1.5593147277130441E-003
   1.5593147270946072E-003
   1.5593147264708880E-003
   1.5593147258418413E-003
   1.5593147252074206E-003
   1.5593147245675791E-003
   1.5593147239222702E-003
   1.5593147232714462E-003
   1.5593147226150598E-003
   1.5593147219530614E-003
   1.5593147212854029E-003
   1.5593147206120351E-003
   1.5593147199329087E-003
   1.5593147192479720E-003
   1.5593147185571767E-003
   1.5593147178604703E-003
   1.5593147171578017E-003
   1.5593147164491188E-003
   1.5593147157343687E-003
   1.5593147150134994E-003
   1.5593147142864575E-003
   1.5593147135531886E-003
   1.5593147128136380E-003
   1.5593147120677524E-003
   1.5593147113154753E-003
   1.5593147105567517E-003
   1.5593147097915257E-003
   1.5593147090197399E-003
   1.5593147082413373E-003
   1.5593147074562607E-003
   1.5593147066644516E-003
   1.5593147058658519E-003
   1.5593147050604022E-003
   1.5593147042480434E-003
   1.5593147034287150E-003
   1.5593147026023569E-003
   1.5593147017689086E-003
   1.5593147009283076E-003
   1.5593147000804923E-003
   1.5593146992254005E-003
   1.5593146983629692E-003
   1.5593146974931349E-003
   1.5593146966158336E-003
   1.5593146957310013E-003
   1.5593146948385730E-003
   1.5593146939384826E-003
   1.5593146930306652E-003
   1.5593146921150539E-003
   1.5593146911915810E-003
   1.5593146902601798E-003
   1.5593146893207823E-003
   1.5593146883733206E-003
   1.5593146874177248E-003
   1.5593146864539256E-003
   1.5593146854818523E-003
   1.5593146845014356E-003
   1.5593146835126033E-003
   1.5593146825152841E-003
   1.5593146815094062E-003
   1.5593146804948957E-003
   1.5593146794716803E-003
   1.5593146784396857E-003
   1.5593146773988376E-003
   1.5593146763490603E-003
   1.5593146752902788E-003
   1.5593146742224173E-003
   1.5593146731453977E-003
   1.5593146720591436E-003
   1.5593146709635770E-003
   1.5593146698586182E-003
   1.5593146687441892E-003
   1.5593146676202098E-003
   1.5593146664865992E-003
   1.5593146653432766E-003
   1.5593146641901597E-003
   1.5593146630271668E-003
   1.5593146618542140E-003
   1.5593146606712187E-003
   1.5593146594780948E-003
   1.5593146582747576E-003
   1.5593146570611221E-003
   1.5593146558371012E-003
   1.5593146546026067E-003
   1.5593146533575521E-003
   1.5593146521018476E-003
   1.5593146508354036E-003
   1.5593146495581306E-003
   1.5593146482699364E-003
   1.5593146469707303E-003
   1.5593146456604184E-003
   1.5593146443389080E-003
   1.5593146430061043E-003
   1.5593146416619131E-003
   1.5593146403062371E-003
   1.5593146389389799E-003
   1.5593146375600447E-003
   1.5593146361693316E-003
   1.5593146347667418E-003
   1.5593146333521750E-003
   1.5593146319255295E-003
   1.5593146304867034E-003
   1.5593146290355938E-003
   1.5593146275720959E-003
   1.5593146260961051E-003
   1.5593146246075155E-003
   1.5593146231062194E-003
   1.5593146215921096E-003
   1.5593146200650766E-003
   1.5593146185250103E-003
   1.5593146169717996E-003
   1.5593146154053330E-003
   1.5593146138254961E-003
   1.5593146122321766E-003
   1.5593146106252574E-003
   1.5593146090046228E-003
   1.5593146073701553E-003
   1.5593146057217365E-003
   1.5593146040592462E-003
   1.5593146023825642E-003
   1.5593146006915681E-003
   1.5593145989861346E-003
   1.5593145972661398E-003
   1.5593145955314579E-003
   1.5593145937819626E-003
   1.5593145920175259E-003
   1.5593145902380191E-003
   1.5593145884433115E-003
   1.5593145866332721E-003
   1.5593145848077680E-003
   1.5593145829666654E-003
   1.5593145811098293E-003
   1.5593145792371236E-003
   1.5593145773484098E-003
   1.5593145754435500E-003
   1.5593145735224038E-003
   1.5593145715848292E-003
   1.5593145696306844E-003
   1.5593145676598248E-003
   1.5593145656721055E-003
   1.5593145636673797E-003
   1.5593145616455001E-003
   1.5593145596063168E-003
   1.5593145575496796E-003
   1.5593145554754367E-003
   1.5593145533834348E-003
   1.5593145512735190E-003
   1.5593145491455346E-003
   1.5593145469993241E-003
   1.5593145448347277E-003
   1.5593145426515871E-003
   1.5593145404497414E-003
   1.5593145382290256E-003
   1.5593145359892777E-003
   1.5593145337303319E-003
   1.5593145314520211E-003
   1.5593145291541773E-003
   1.5593145268366314E-003
   1.5593145244992121E-003
   1.5593145221417467E-003
   1.5593145197640621E-003
   1.5593145173659830E-003
   1.5593145149473326E-003
   1.5593145125079328E-003
   1.5593145100476046E-003
   1.5593145075661660E-003
   1.5593145050634364E-003
   1.5593145025392307E-003
   1.5593144999933638E-003
   1.5593144974256491E-003
   1.5593144948358984E-003
   1.5593144922239220E-003
   1.5593144895895291E-003
   1.5593144869325264E-003
   1.5593144842527200E-003
   1.5593144815499137E-003
   1.5593144788239100E-003
   1.5593144760745112E-003
   1.5593144733015154E-003
   1.5593144705047224E-003
   1.5593144676839274E-003
   1.5593144648389252E-003
   1.5593144619695100E-003
   1.5593144590754723E-003
   1.5593144561566030E-003
   1.5593144532126896E-003
   1.5593144502435198E-003
   1.5593144472488779E-003
   1.5593144442285474E-003
   1.5593144411823094E-003
   1.5593144381099446E-003
   1.5593144350112304E-003
   1.5593144318859441E-003
   1.5593144287338588E-003
   1.5593144255547490E-003
   1.5593144223483844E-003
   1.5593144191145339E-003
   1.5593144158529656E-003
   1.5593144125634446E-003
   1.5593144092457339E-003
   1.5593144058995958E-003
   1.5593144025247887E-003
   1.5593143991210711E-003
   1.5593143956881986E-003
   1.5593143922259238E-003
   1.5593143887339996E-003
   1.5593143852121742E-003
   1.5593143816601952E-003
   1.5593143780778076E-003
   1.5593143744647546E-003
   1.5593143708207777E-003
   1.5593143671456145E-003
   1.5593143634390022E-003
   1.5593143597006742E-003
   1.5593143559303620E-003
   1.5593143521277961E-003
   1.5593143482927035E-003
   1.5593143444248090E-003
   1.5593143405238335E-003
   1.5593143365894987E-003
   1.5593143326215208E-003
   1.5593143286196155E-003
   1.5593143245834944E-003
   1.5593143205128686E-003
   1.5593143164074439E-003
   1.5593143122669257E-003
   1.5593143080910160E-003
   1.5593143038794134E-003
   1.5593142996318146E-003
   1.5593142953479139E-003
   1.5593142910274021E-003
   1.5593142866699671E-003
   1.5593142822752943E-003
   1.5593142778430669E-003
   1.5593142733729640E-003
   1.5593142688646621E-003
   1.5593142643178350E-003
   1.5593142597321535E-003
   1.5593142551072858E-003
   1.5593142504428963E-003
   1.5593142457386458E-003
   1.5593142409941942E-003
   1.5593142362091959E-003
   1.5593142313833034E-003
   1.5593142265161656E-003
   1.5593142216074288E-003
   1.5593142166567353E-003
   1.5593142116637245E-003
   1.5593142066280326E-003
   1.5593142015492918E-003
   1.5593141964271317E-003
   1.5593141912611790E-003
   1.5593141860510557E-003
   1.5593141807963816E-003
   1.5593141754967716E-003
   1.5593141701518384E-003
   1.5593141647611912E-003
   1.5593141593244347E-003
   1.5593141538411714E-003
   1.5593141483109991E-003
   1.5593141427335127E-003
   1.5593141371083030E-003
   1.5593141314349582E-003
   1.5593141257130613E-003
   1.5593141199421925E-003
   1.5593141141219287E-003
   1.5593141082518426E-003
   1.5593141023315029E-003
   1.5593140963604754E-003
   1.5593140903383208E-003
   1.5593140842645977E-003
   1.5593140781388595E-003
   1.5593140719606564E-003
   1.5593140657295351E-003
   1.5593140594450370E-003
   1.5593140531067016E-003
   1.5593140467140625E-003
   1.5593140402666514E-003
   1.5593140337639936E-003
   1.5593140272056132E-003
   1.5593140205910282E-003
   1.5593140139197532E-003
   1.5593140071912990E-003
   1.5593140004051724E-003
   1.5593139935608752E-003
   1.5593139866579059E-003
   1.5593139796957595E-003
   1.5593139726739254E-003
   1.5593139655918887E-003
   1.5593139584491324E-003
   1.5593139512451331E-003
   1.5593139439793642E-003
   1.5593139366512940E-003
   1.5593139292603881E-003
   1.5593139218061055E-003
   1.5593139142879022E-003
   1.5593139067052297E-003
   1.5593138990575349E-003
   1.5593138913442598E-003
   1.5593138835648431E-003
   1.5593138757187170E-003
   1.5593138678053108E-003
   1.5593138598240489E-003
   1.5593138517743502E-003
   1.5593138436556298E-003
   1.5593138354672968E-003
   1.5593138272087578E-003
   1.5593138188794119E-003
   1.5593138104786552E-003
   1.5593138020058780E-003
   1.5593137934604667E-003
   1.5593137848418017E-003
   1.5593137761492578E-003
   1.5593137673822056E-003
   1.5593137585400109E-003
   1.5593137496220340E-003
   1.5593137406276296E-003
   1.5593137315561467E-003
   1.5593137224069308E-003
   1.5593137131793195E-003
   1.5593137038726465E-003
   1.5593136944862401E-003
   1.5593136850194219E-003
   1.5593136754715085E-003
   1.5593136658418115E-003
   1.5593136561296360E-003
   1.5593136463342805E-003
   1.5593136364550383E-003
   1.5593136264911984E-003
   1.5593136164420410E-003
   1.5593136063068416E-003
   1.5593135960848695E-003
   1.5593135857753879E-003
   1.5593135753776538E-003
   1.5593135648909174E-003
   1.5593135543144226E-003
   1.5593135436474065E-003
   1.5593135328891006E-003
   1.5593135220387285E-003
   1.5593135110955083E-003
   1.5593135000586515E-003
   1.5593134889273601E-003
   1.5593134777008332E-003
   1.5593134663782590E-003
   1.5593134549588222E-003
   1.5593134434416975E-003
   1.5593134318260533E-003
   1.5593134201110524E-003
   1.5593134082958473E-003
   1.5593133963795840E-003
   1.5593133843614031E-003
   1.5593133722404341E-003
   1.5593133600158020E-003
   1.5593133476866229E-003
   1.5593133352520033E-003
   1.5593133227110448E-003
   1.5593133100628386E-003
   1.5593132973064699E-003
   1.5593132844410132E-003
   1.5593132714655379E-003
   1.5593132583791027E-003
   1.5593132451807580E-003
   1.5593132318695471E-003
   1.5593132184445041E-003
   1.5593132049046548E-003
   1.5593131912490159E-003
   1.5593131774765952E-003
   1.5593131635863917E-003
   1.5593131495773972E-003
   1.5593131354485915E-003
   1.5593131211989477E-003
   1.5593131068274294E-003
   1.5593130923329905E-003
   1.5593130777145749E-003
   1.5593130629711187E-003
   1.5593130481015478E-003
   1.5593130331047794E-003
   1.5593130179797196E-003
   1.5593130027252663E-003
   1.5593129873403063E-003
   1.5593129718237187E-003
   1.5593129561743697E-003
   1.5593129403911198E-003
   1.5593129244728149E-003
   1.5593129084182943E-003
   1.5593128922263850E-003
   1.5593128758959048E-003
   1.5593128594256617E-003
   1.5593128428144519E-003
   1.5593128260610626E-003
   1.5593128091642699E-003
   1.5593127921228387E-003
   1.5593127749355233E-003
   1.5593127576010693E-003
   1.5593127401182085E-003
   1.5593127224856646E-003
   1.5593127047021486E-003
   1.5593126867663610E-003
   1.5593126686769907E-003
   1.5593126504327163E-003
   1.5593126320322045E-003
   1.5593126134741116E-003
   1.5593125947570804E-003
   1.5593125758797445E-003
   1.5593125568407256E-003
   1.5593125376386324E-003
   1.5593125182720622E-003
   1.5593124987396023E-003
   1.5593124790398260E-003
   1.5593124591712949E-003
   1.5593124391325602E-003
   1.5593124189221587E-003
   1.5593123985386162E-003
   1.5593123779804464E-003
   1.5593123572461500E-003
   1.5593123363342152E-003
   1.5593123152431178E-003
   1.5593122939713210E-003
   1.5593122725172748E-003
   1.5593122508794166E-003
   1.5593122290561703E-003
   1.5593122070459479E-003
   1.5593121848471469E-003
   1.5593121624581522E-003
   1.5593121398773343E-003
   1.5593121171030518E-003
   1.5593120941336486E-003
   1.5593120709674541E-003
   1.5593120476027858E-003
   1.5593120240379454E-003
   1.5593120002712223E-003
   1.5593119763008889E-003
   1.5593119521252058E-003
   1.5593119277424183E-003
   1.5593119031507565E-003
   1.5593118783484370E-003
   1.5593118533336599E-003
   1.5593118281046116E-003
   1.5593118026594628E-003
   1.5593117769963679E-003
   1.5593117511134692E-003
   1.5593117250088894E-003
   1.5593116986807370E-003
   1.5593116721271066E-003
   1.5593116453460731E-003
   1.5593116183356985E-003
   1.5593115910940262E-003
   1.5593115636190853E-003
   1.5593115359088853E-003
   1.5593115079614223E-003
   1.5593114797746723E-003
   1.5593114513465965E-003
   1.5593114226751376E-003
   1.5593113937582210E-003
   1.5593113645937550E-003
   1.5593113351796291E-003
   1.5593113055137157E-003
   1.5593112755938683E-003
   1.5593112454179239E-003
   1.5593112149836982E-003
   1.5593111842889904E-003
   1.5593111533315793E-003
   1.5593111221092254E-003
   1.5593110906196707E-003
   1.5593110588606363E-003
   1.5593110268298242E-003
   1.5593109945249174E-003
   1.5593109619435779E-003
   1.5593109290834477E-003
   1.5593108959421485E-003
   1.5593108625172815E-003
   1.5593108288064271E-003
   1.5593107948071447E-003
   1.5593107605169727E-003
   1.5593107259334275E-003
   1.5593106910540043E-003
   1.5593106558761771E-003
   1.5593106203973970E-003
   1.5593105846150939E-003
   1.5593105485266733E-003
   1.5593105121295208E-003
   1.5593104754209968E-003
   1.5593104383984410E-003
   1.5593104010591678E-003
   1.5593103634004696E-003
   1.5593103254196135E-003
   1.5593102871138446E-003
   1.5593102484803836E-003
   1.5593102095164261E-003
   1.5593101702191432E-003
   1.5593101305856820E-003
   1.5593100906131656E-003
   1.5593100502986890E-003
   1.5593100096393244E-003
   1.5593099686321184E-003
   1.5593099272740902E-003
   1.5593098855622351E-003
   1.5593098434935199E-003
   1.5593098010648874E-003
   1.5593097582732513E-003
   1.5593097151155001E-003
   1.5593096715884951E-003
   1.5593096276890698E-003
   1.5593095834140315E-003
   1.5593095387601576E-003
   1.5593094937241985E-003
   1.5593094483028769E-003
   1.5593094024928872E-003
   1.5593093562908937E-003
   1.5593093096935339E-003
   1.5593092626974146E-003
   1.5593092152991134E-003
   1.5593091674951797E-003
   1.5593091192821326E-003
   1.5593090706564592E-003
   1.5593090216146190E-003
   1.5593089721530396E-003
   1.5593089222681183E-003
   1.5593088719562218E-003
   1.5593088212136853E-003
   1.5593087700368111E-003
   1.5593087184218729E-003
   1.5593086663651091E-003
   1.5593086138627286E-003
   1.5593085609109057E-003
   1.5593085075057847E-003
   1.5593084536434738E-003
   1.5593083993200500E-003
   1.5593083445315566E-003
   1.5593082892740031E-003
   1.5593082335433643E-003
   1.5593081773355810E-003
   1.5593081206465606E-003
   1.5593080634721745E-003
   1.5593080058082590E-003
   1.5593079476506158E-003
   1.5593078889950100E-003
   1.5593078298371716E-003
   1.5593077701727947E-003
   1.5593077099975358E-003
   1.5593076493070142E-003
   1.5593075880968145E-003
   1.5593075263624807E-003
   1.5593074640995221E-003
   1.5593074013034078E-003
   1.5593073379695697E-003
   1.5593072740934005E-003
   1.5593072096702547E-003
   1.5593071446954457E-003
   1.5593070791642492E-003
   1.5593070130719008E-003
   1.5593069464135954E-003
   1.5593068791844849E-003
   1.5593068113796842E-003
   1.5593067429942647E-003
   1.5593066740232566E-003
   1.5593066044616482E-003
   1.5593065343043840E-003
   1.5593064635463670E-003
   1.5593063921824576E-003
   1.5593063202074718E-003
   1.5593062476161816E-003
   1.5593061744033146E-003
   1.5593061005635543E-003
   1.5593060260915388E-003
   1.5593059509818614E-003
   1.5593058752290687E-003
   1.5593057988276605E-003
   1.5593057217720915E-003
   1.5593056440567680E-003
   1.5593055656760490E-003
   1.5593054866242467E-003
   1.5593054068956237E-003
   1.5593053264843940E-003
   1.5593052453847221E-003
   1.5593051635907236E-003
   1.5593050810964635E-003
   1.5593049978959560E-003
   1.5593049139831648E-003
   1.5593048293520021E-003
   1.5593047439963269E-003
   1.5593046579099471E-003
   1.5593045710866177E-003
   1.5593044835200401E-003
   1.5593043952038604E-003
   1.5593043061316726E-003
   1.5593042162970151E-003
   1.5593041256933701E-003
   1.5593040343141646E-003
   1.5593039421527698E-003
   1.5593038492024988E-003
   1.5593037554566087E-003
   1.5593036609082985E-003
   1.5593035655507071E-003
   1.5593034693769173E-003
   1.5593033723799502E-003
   1.5593032745527681E-003
   1.5593031758882720E-003
   1.5593030763793034E-003
   1.5593029760186399E-003
   1.5593028747989985E-003
   1.5593027727130344E-003
   1.5593026697533377E-003
   1.5593025659124352E-003
   1.5593024611827903E-003
   1.5593023555568004E-003
   1.5593022490267986E-003
   1.5593021415850504E-003
   1.5593020332237560E-003
   1.5593019239350480E-003
   1.5593018137109906E-003
   1.5593017025435818E-003
   1.5593015904247468E-003
   1.5593014773463451E-003
   1.5593013633001640E-003
   1.5593012482779198E-003
   1.5593011322712590E-003
   1.5593010152717549E-003
   1.5593008972709082E-003
   1.5593007782601469E-003
   1.5593006582308247E-003
   1.5593005371742213E-003
   1.5593004150815414E-003
   1.5593002919439133E-003
   1.5593001677523882E-003
   1.5593000424979427E-003
   1.5592999161714741E-003
   1.5592997887638013E-003
   1.5592996602656645E-003
   1.5592995306677245E-003
   1.5592993999605606E-003
   1.5592992681346730E-003
   1.5592991351804782E-003
   1.5592990010883125E-003
   1.5592988658484281E-003
   1.5592987294509916E-003
   1.5592985918860876E-003
   1.5592984531437157E-003
   1.5592983132137884E-003
   1.5592981720861313E-003
   1.5592980297504837E-003
   1.5592978861964971E-003
   1.5592977414137328E-003
   1.5592975953916633E-003
   1.5592974481196725E-003
   1.5592972995870503E-003
   1.5592971497829968E-003
   1.5592969986966193E-003
   1.5592968463169314E-003
   1.5592966926328527E-003
   1.5592965376332085E-003
   1.5592963813067277E-003
   1.5592962236420432E-003
   1.5592960646276905E-003
   1.5592959042521066E-003
   1.5592957425036311E-003
   1.5592955793705019E-003
   1.5592954148408575E-003
   1.5592952489027350E-003
   1.5592950815440691E-003
   1.5592949127526913E-003
   1.5592947425163294E-003
   1.5592945708226052E-003
   1.5592943976590373E-003
   1.5592942230130353E-003
   1.5592940468719019E-003
   1.5592938692228317E-003
   1.5592936900529107E-003
   1.5592935093491124E-003
   1.5592933270983016E-003
   1.5592931432872300E-003
   1.5592929579025350E-003
   1.5592927709307423E-003
   1.5592925823582607E-003
   1.5592923921713838E-003
   1.5592922003562883E-003
   1.5592920068990322E-003
   1.5592918117855565E-003
   1.5592916150016787E-003
   1.5592914165330992E-003
   1.5592912163653930E-003
   1.5592910144840149E-003
   1.5592908108742929E-003
   1.5592906055214317E-003
   1.5592903984105097E-003
   1.5592901895264762E-003
   1.5592899788541537E-003
   1.5592897663782343E-003
   1.5592895520832801E-003
   1.5592893359537205E-003
   1.5592891179738529E-003
   1.5592888981278397E-003
   1.5592886763997097E-003
   1.5592884527733527E-003
   1.5592882272325238E-003
   1.5592879997608374E-003
   1.5592877703417677E-003
   1.5592875389586502E-003
   1.5592873055946745E-003
   1.5592870702328899E-003
   1.5592868328561987E-003
   1.5592865934473583E-003
   1.5592863519889783E-003
   1.5592861084635194E-003
   1.5592858628532935E-003
   1.5592856151404597E-003
   1.5592853653070263E-003
   1.5592851133348462E-003
   1.5592848592056177E-003
   1.5592846029008844E-003
   1.5592843444020294E-003
   1.5592840836902784E-003
   1.5592838207466959E-003
   1.5592835555521848E-003
   1.5592832880874847E-003
   1.5592830183331699E-003
   1.5592827462696498E-003
   1.5592824718771642E-003
   1.5592821951357877E-003
   1.5592819160254207E-003
   1.5592816345257933E-003
   1.5592813506164617E-003
   1.5592810642768090E-003
   1.5592807754860399E-003
   1.5592804842231827E-003
   1.5592801904670854E-003
   1.5592798941964159E-003
   1.5592795953896595E-003
   1.5592792940251174E-003
   1.5592789900809054E-003
   1.5592786835349529E-003
   1.5592783743649992E-003
   1.5592780625485944E-003
   1.5592777480630960E-003
   1.5592774308856700E-003
   1.5592771109932838E-003
   1.5592767883627115E-003
   1.5592764629705263E-003
   1.5592761347931021E-003
   1.5592758038066117E-003
   1.5592754699870230E-003
   1.5592751333100999E-003
   1.5592747937513975E-003
   1.5592744512862647E-003
   1.5592741058898386E-003
   1.5592737575370430E-003
   1.5592734062025895E-003
   1.5592730518609725E-003
   1.5592726944864694E-003
   1.5592723340531378E-003
   1.5592719705348141E-003
   1.5592716039051107E-003
   1.5592712341374166E-003
   1.5592708612048917E-003
   1.5592704850804680E-003
   1.5592701057368468E-003
   1.5592697231464961E-003
   1.5592693372816495E-003
   1.5592689481143047E-003
   1.5592685556162175E-003
   1.5592681597589068E-003
   1.5592677605136458E-003
   1.5592673578514649E-003
   1.5592669517431460E-003
   1.5592665421592230E-003
   1.5592661290699777E-003
   1.5592657124454403E-003
   1.5592652922553846E-003
   1.5592648684693265E-003
   1.5592644410565219E-003
   1.5592640099859670E-003
   1.5592635752263914E-003
   1.5592631367462588E-003
   1.5592626945137664E-003
   1.5592622484968378E-003
   1.5592617986631243E-003
   1.5592613449800028E-003
   1.5592608874145705E-003
   1.5592604259336462E-003
   1.5592599605037639E-003
   1.5592594910911754E-003
   1.5592590176618430E-003
   1.5592585401814397E-003
   1.5592580586153463E-003
   1.5592575729286486E-003
   1.5592570830861351E-003
   1.5592565890522950E-003
   1.5592560907913150E-003
   1.5592555882670749E-003
   1.5592550814431498E-003
   1.5592545702828027E-003
   1.5592540547489841E-003
   1.5592535348043298E-003
   1.5592530104111553E-003
   1.5592524815314581E-003
   1.5592519481269090E-003
   1.5592514101588557E-003
   1.5592508675883127E-003
   1.5592503203759659E-003
   1.5592497684821637E-003
   1.5592492118669194E-003
   1.5592486504899033E-003
   1.5592480843104428E-003
   1.5592475132875201E-003
   1.5592469373797658E-003
   1.5592463565454598E-003
   1.5592457707425263E-003
   1.5592451799285303E-003
   1.5592445840606757E-003
   1.5592439830958015E-003
   1.5592433769903802E-003
   1.5592427657005114E-003
   1.5592421491819218E-003
   1.5592415273899616E-003
   1.5592409002795997E-003
   1.5592402678054214E-003
   1.5592396299216240E-003
   1.5592389865820176E-003
   1.5592383377400155E-003
   1.5592376833486366E-003
   1.5592370233604978E-003
   1.5592363577278130E-003
   1.5592356864023891E-003
   1.5592350093356232E-003
   1.5592343264784962E-003
   1.5592336377815740E-003
   1.5592329431950013E-003
   1.5592322426684951E-003
   1.5592315361513487E-003
   1.5592308235924208E-003
   1.5592301049401340E-003
   1.5592293801424753E-003
   1.5592286491469855E-003
   1.5592279119007605E-003
   1.5592271683504456E-003
   1.5592264184422324E-003
   1.5592256621218539E-003
   1.5592248993345826E-003
   1.5592241300252236E-003
   1.5592233541381147E-003
   1.5592225716171194E-003
   1.5592217824056233E-003
   1.5592209864465317E-003
   1.5592201836822635E-003
   1.5592193740547498E-003
   1.5592185575054270E-003
   1.5592177339752340E-003
   1.5592169034046087E-003
   1.5592160657334833E-003
   1.5592152209012783E-003
   1.5592143688469020E-003
   1.5592135095087430E-003
   1.5592126428246676E-003
   1.5592117687320145E-003
   1.5592108871675908E-003
   1.5592099980676682E-003
   1.5592091013679784E-003
   1.5592081970037068E-003
   1.5592072849094914E-003
   1.5592063650194145E-003
   1.5592054372670012E-003
   1.5592045015852128E-003
   1.5592035579064438E-003
   1.5592026061625162E-003
   1.5592016462846745E-003
   1.5592006782035814E-003
   1.5591997018493129E-003
   1.5591987171513543E-003
   1.5591977240385941E-003
   1.5591967224393196E-003
   1.5591957122812119E-003
   1.5591946934913413E-003
   1.5591936659961620E-003
   1.5591926297215055E-003
   1.5591915845925798E-003
   1.5591905305339586E-003
   1.5591894674695805E-003
   1.5591883953227413E-003
   1.5591873140160908E-003
   1.5591862234716244E-003
   1.5591851236106808E-003
   1.5591840143539357E-003
   1.5591828956213951E-003
   1.5591817673323910E-003
   1.5591806294055755E-003
   1.5591794817589155E-003
   1.5591783243096855E-003
   1.5591771569744650E-003
   1.5591759796691300E-003
   1.5591747923088474E-003
   1.5591735948080718E-003
   1.5591723870805351E-003
   1.5591711690392455E-003
   1.5591699405964766E-003
   1.5591687016637667E-003
   1.5591674521519064E-003
   1.5591661919709388E-003
   1.5591649210301491E-003
   1.5591636392380589E-003
   1.5591623465024222E-003
   1.5591610427302157E-003
   1.5591597278276339E-003
   1.5591584017000846E-003
   1.5591570642521780E-003
   1.5591557153877245E-003
   1.5591543550097240E-003
   1.5591529830203635E-003
   1.5591515993210062E-003
   1.5591502038121872E-003
   1.5591487963936060E-003
   1.5591473769641189E-003
   1.5591459454217325E-003
   1.5591445016635969E-003
   1.5591430455859977E-003
   1.5591415770843501E-003
   1.5591400960531896E-003
   1.5591386023861662E-003
   1.5591370959760385E-003
   1.5591355767146618E-003
   1.5591340444929850E-003
   1.5591324992010392E-003
   1.5591309407279336E-003
   1.5591293689618468E-003
   1.5591277837900164E-003
   1.5591261850987344E-003
   1.5591245727733371E-003
   1.5591229466981999E-003
   1.5591213067567247E-003
   1.5591196528313370E-003
   1.5591179848034736E-003
   1.5591163025535759E-003
   1.5591146059610826E-003
   1.5591128949044191E-003
   1.5591111692609908E-003
   1.5591094289071747E-003
   1.5591076737183087E-003
   1.5591059035686857E-003
   1.5591041183315418E-003
   1.5591023178790511E-003
   1.5591005020823133E-003
   1.5590986708113480E-003
   1.5590968239350817E-003
   1.5590949613213442E-003
   1.5590930828368542E-003
   1.5590911883472116E-003
   1.5590892777168918E-003
   1.5590873508092298E-003
   1.5590854074864170E-003
   1.5590834476094876E-003
   1.5590814710383101E-003
   1.5590794776315800E-003
   1.5590774672468056E-003
   1.5590754397403019E-003
   1.5590733949671790E-003
   1.5590713327813346E-003
   1.5590692530354378E-003
   1.5590671555809281E-003
   1.5590650402679961E-003
   1.5590629069455802E-003
   1.5590607554613535E-003
   1.5590585856617117E-003
   1.5590563973917667E-003
   1.5590541904953322E-003
   1.5590519648149151E-003
   1.5590497201917056E-003
   1.5590474564655629E-003
   1.5590451734750089E-003
   1.5590428710572143E-003
   1.5590405490479881E-003
   1.5590382072817684E-003
   1.5590358455916070E-003
   1.5590334638091636E-003
   1.5590310617646893E-003
   1.5590286392870203E-003
   1.5590261962035619E-003
   1.5590237323402790E-003
   1.5590212475216855E-003
   1.5590187415708298E-003
   1.5590162143092868E-003
   1.5590136655571417E-003
   1.5590110951329817E-003
   1.5590085028538813E-003
   1.5590058885353922E-003
   1.5590032519915303E-003
   1.5590005930347628E-003
   1.5589979114759964E-003
   1.5589952071245656E-003
   1.5589924797882184E-003
   1.5589897292731041E-003
   1.5589869553837637E-003
   1.5589841579231106E-003
   1.5589813366924247E-003
   1.5589784914913348E-003
   1.5589756221178065E-003
   1.5589727283681302E-003
   1.5589698100369075E-003
   1.5589668669170362E-003
   1.5589638987996972E-003
   1.5589609054743440E-003
   1.5589578867286848E-003
   1.5589548423486724E-003
   1.5589517721184851E-003
   1.5589486758205203E-003
   1.5589455532353735E-003
   1.5589424041418274E-003
   1.5589392283168375E-003
   1.5589360255355174E-003
   1.5589327955711234E-003
   1.5589295381950407E-003
   1.5589262531767692E-003
   1.5589229402839077E-003
   1.5589195992821393E-003
   1.5589162299352167E-003
   1.5589128320049460E-003
   1.5589094052511725E-003
   1.5589059494317654E-003
   1.5589024643025997E-003
   1.5588989496175458E-003
   1.5588954051284473E-003
   1.5588918305851106E-003
   1.5588882257352862E-003
   1.5588845903246511E-003
   1.5588809240967975E-003
   1.5588772267932109E-003
   1.5588734981532564E-003
   1.5588697379141632E-003
   1.5588659458110042E-003
   1.5588621215766821E-003
   1.5588582649419119E-003
   1.5588543756352023E-003
   1.5588504533828396E-003
   1.5588464979088700E-003
   1.5588425089350817E-003
   1.5588384861809886E-003
   1.5588344293638089E-003
   1.5588303381984516E-003
   1.5588262123974949E-003
   1.5588220516711694E-003
   1.5588178557273402E-003
   1.5588136242714859E-003
   1.5588093570066827E-003
   1.5588050536335832E-003
   1.5588007138503991E-003
   1.5587963373528805E-003
   1.5587919238342985E-003
   1.5587874729854232E-003
   1.5587829844945060E-003
   1.5587784580472588E-003
   1.5587738933268334E-003
   1.5587692900138040E-003
   1.5587646477861444E-003
   1.5587599663192068E-003
   1.5587552452857045E-003
   1.5587504843556886E-003
   1.5587456831965276E-003
   1.5587408414728860E-003
   1.5587359588467038E-003
   1.5587310349771742E-003
   1.5587260695207230E-003
   1.5587210621309851E-003
   1.5587160124587854E-003
   1.5587109201521125E-003
   1.5587057848561018E-003
   1.5587006062130070E-003
   1.5586953838621820E-003
   1.5586901174400570E-003
   1.5586848065801146E-003
   1.5586794509128668E-003
   1.5586740500658325E-003
   1.5586686036635140E-003
   1.5586631113273710E-003
   1.5586575726758008E-003
   1.5586519873241108E-003
   1.5586463548844960E-003
   1.5586406749660147E-003
   1.5586349471745616E-003
   1.5586291711128478E-003
   1.5586233463803698E-003
   1.5586174725733908E-003
   1.5586115492849093E-003
   1.5586055761046384E-003
   1.5585995526189791E-003
   1.5585934784109923E-003
   1.5585873530603741E-003
   1.5585811761434317E-003
   1.5585749472330538E-003
   1.5585686658986860E-003
   1.5585623317063044E-003
   1.5585559442183872E-003
   1.5585495029938889E-003
   1.5585430075882125E-003
   1.5585364575531834E-003
   1.5585298524370187E-003
   1.5585231917843035E-003
   1.5585164751359601E-003
   1.5585097020292217E-003
   1.5585028719976018E-003
   1.5584959845708682E-003
   1.5584890392750135E-003
   1.5584820356322256E-003
   1.5584749731608599E-003
   1.5584678513754099E-003
   1.5584606697864748E-003
   1.5584534279007374E-003
   1.5584461252209261E-003
   1.5584387612457889E-003
   1.5584313354700655E-003
   1.5584238473844523E-003
   1.5584162964755756E-003
   1.5584086822259602E-003
   1.5584010041139970E-003
   1.5583932616139145E-003
   1.5583854541957470E-003
   1.5583775813253016E-003
   1.5583696424641294E-003
   1.5583616370694921E-003
   1.5583535645943298E-003
   1.5583454244872325E-003
   1.5583372161924022E-003
   1.5583289391496264E-003
   1.5583205927942410E-003
   1.5583121765571008E-003
   1.5583036898645444E-003
   1.5582951321383629E-003
   1.5582865027957654E-003
   1.5582778012493471E-003
   1.5582690269070536E-003
   1.5582601791721482E-003
   1.5582512574431784E-003
   1.5582422611139415E-003
   1.5582331895734498E-003
   1.5582240422058961E-003
   1.5582148183906205E-003
   1.5582055175020733E-003
   1.5581961389097806E-003
   1.5581866819783100E-003
   1.5581771460672358E-003
   1.5581675305310991E-003
   1.5581578347193779E-003
   1.5581480579764464E-003
   1.5581381996415413E-003
   1.5581282590487239E-003
   1.5581182355268455E-003
   1.5581081283995073E-003
   1.5580979369850263E-003
   1.5580876605963982E-003
   1.5580772985412568E-003
   1.5580668501218400E-003
   1.5580563146349495E-003
   1.5580456913719145E-003
   1.5580349796185499E-003
   1.5580241786551244E-003
   1.5580132877563153E-003
   1.5580023061911726E-003
   1.5579912332230792E-003
   1.5579800681097126E-003
   1.5579688101030028E-003
   1.5579574584490962E-003
   1.5579460123883121E-003
   1.5579344711551032E-003
   1.5579228339780177E-003
   1.5579111000796541E-003
   1.5578992686766254E-003
   1.5578873389795131E-003
   1.5578753101928278E-003
   1.5578631815149687E-003
   1.5578509521381805E-003
   1.5578386212485083E-003
   1.5578261880257627E-003
   1.5578136516434685E-003
   1.5578010112688278E-003
   1.5577882660626728E-003
   1.5577754151794266E-003
   1.5577624577670552E-003
   1.5577493929670254E-003
   1.5577362199142627E-003
   1.5577229377371018E-003
   1.5577095455572463E-003
   1.5576960424897222E-003
   1.5576824276428314E-003
   1.5576687001181075E-003
   1.5576548590102701E-003
   1.5576409034071780E-003
   1.5576268323897816E-003
   1.5576126450320795E-003
   1.5575983404010688E-003
   1.5575839175566986E-003
   1.5575693755518222E-003
   1.5575547134321496E-003
   1.5575399302362003E-003
   1.5575250249952536E-003
   1.5575099967333002E-003
   1.5574948444669957E-003
   1.5574795672056048E-003
   1.5574641639509608E-003
   1.5574486336974091E-003
   1.5574329754317591E-003
   1.5574171881332362E-003
   1.5574012707734264E-003
   1.5573852223162311E-003
   1.5573690417178107E-003
   1.5573527279265378E-003
   1.5573362798829403E-003
   1.5573196965196546E-003
   1.5573029767613708E-003
   1.5572861195247798E-003
   1.5572691237185216E-003
   1.5572519882431320E-003
   1.5572347119909898E-003
   1.5572172938462605E-003
   1.5571997326848468E-003
   1.5571820273743301E-003
   1.5571641767739210E-003
   1.5571461797343998E-003
   1.5571280350980649E-003
   1.5571097416986765E-003
   1.5570912983614012E-003
   1.5570727039027575E-003
   1.5570539571305594E-003
   1.5570350568438588E-003
   1.5570160018328920E-003
   1.5569967908790222E-003
   1.5569774227546815E-003
   1.5569578962233177E-003
   1.5569382100393309E-003
   1.5569183629480239E-003
   1.5568983536855382E-003
   1.5568781809788001E-003
   1.5568578435454633E-003
   1.5568373400938460E-003
   1.5568166693228798E-003
   1.5567958299220451E-003
   1.5567748205713172E-003
   1.5567536399411037E-003
   1.5567322866921896E-003
   1.5567107594756757E-003
   1.5566890569329197E-003
   1.5566671776954784E-003
   1.5566451203850482E-003
   1.5566228836134028E-003
   1.5566004659823393E-003
   1.5565778660836123E-003
   1.5565550824988780E-003
   1.5565321137996349E-003
   1.5565089585471597E-003
   1.5564856152924531E-003
   1.5564620825761748E-003
   1.5564383589285870E-003
   1.5564144428694910E-003
   1.5563903329081719E-003
   1.5563660275433322E-003
   1.5563415252630361E-003
   1.5563168245446488E-003
   1.5562919238547746E-003
   1.5562668216491968E-003
   1.5562415163728194E-003
   1.5562160064596031E-003
   1.5561902903325107E-003
   1.5561643664034409E-003
   1.5561382330731722E-003
   1.5561118887313014E-003
   1.5560853317561822E-003
   1.5560585605148677E-003
   1.5560315733630476E-003
   1.5560043686449908E-003
   1.5559769446934844E-003
   1.5559492998297739E-003
   1.5559214323635016E-003
   1.5558933405926511E-003
   1.5558650228034857E-003
   1.5558364772704869E-003
   1.5558077022562971E-003
   1.5557786960116618E-003
   1.5557494567753681E-003
   1.5557199827741866E-003
   1.5556902722228118E-003
   1.5556603233238056E-003
   1.5556301342675373E-003
   1.5555997032321246E-003
   1.5555690283833756E-003
   1.5555381078747336E-003
   1.5555069398472149E-003
   1.5554755224293547E-003
   1.5554438537371458E-003
   1.5554119318739871E-003
   1.5553797549306202E-003
   1.5553473209850763E-003
   1.5553146281026193E-003
   1.5552816743356875E-003
   1.5552484577238399E-003
   1.5552149762936977E-003
   1.5551812280588902E-003
   1.5551472110199983E-003
   1.5551129231645012E-003
   1.5550783624667171E-003
   1.5550435268877553E-003
   1.5550084143754529E-003
   1.5549730228643299E-003
   1.5549373502755271E-003
   1.5549013945167587E-003
   1.5548651534822539E-003
   1.5548286250527084E-003
   1.5547918070952286E-003
   1.5547546974632796E-003
   1.5547172939966336E-003
   1.5546795945213193E-003
   1.5546415968495664E-003
   1.5546032987797591E-003
   1.5545646980963835E-003
   1.5545257925699751E-003
   1.5544865799570718E-003
   1.5544470580001633E-003
   1.5544072244276389E-003
   1.5543670769537436E-003
   1.5543266132785252E-003
   1.5542858310877868E-003
   1.5542447280530410E-003
   1.5542033018314612E-003
   1.5541615500658335E-003
   1.5541194703845109E-003
   1.5540770604013684E-003
   1.5540343177157558E-003
   1.5539912399124512E-003
   1.5539478245616201E-003
   1.5539040692187673E-003
   1.5538599714246945E-003
   1.5538155287054564E-003
   1.5537707385723184E-003
   1.5537255985217139E-003
   1.5536801060352014E-003
   1.5536342585794260E-003
   1.5535880536060749E-003
   1.5535414885518399E-003
   1.5534945608383756E-003
   1.5534472678722625E-003
   1.5533996070449670E-003
   1.5533515757328029E-003
   1.5533031712968960E-003
   1.5532543910831448E-003
   1.5532052324221878E-003
   1.5531556926293656E-003
   1.5531057690046860E-003
   1.5530554588327927E-003
   1.5530047593829285E-003
   1.5529536679089050E-003
   1.5529021816490709E-003
   1.5528502978262803E-003
   1.5527980136478602E-003
   1.5527453263055873E-003
   1.5526922329756518E-003
   1.5526387308186348E-003
   1.5525848169794805E-003
   1.5525304885874679E-003
   1.5524757427561894E-003
   1.5524205765835226E-003
   1.5523649871516103E-003
   1.5523089715268369E-003
   1.5522525267598081E-003
   1.5521956498853291E-003
   1.5521383379223889E-003
   1.5520805878741365E-003
   1.5520223967278705E-003
   1.5519637614550212E-003
   1.5519046790111333E-003
   1.5518451463358565E-003
   1.5517851603529316E-003
   1.5517247179701798E-003
   1.5516638160794946E-003
   1.5516024515568327E-003
   1.5515406212622070E-003
   1.5514783220396818E-003
   1.5514155507173712E-003
   1.5513523041074326E-003
   1.5512885790060695E-003
   1.5512243721935313E-003
   1.5511596804341158E-003
   1.5510945004761720E-003
   1.5510288290521103E-003
   1.5509626628784038E-003
   1.5508959986556031E-003
   1.5508288330683460E-003
   1.5507611627853684E-003
   1.5506929844595234E-003
   1.5506242947277947E-003
   1.5505550902113171E-003
   1.5504853675153991E-003
   1.5504151232295430E-003
   1.5503443539274736E-003
   1.5502730561671643E-003
   1.5502012264908651E-003
   1.5501288614251402E-003
   1.5500559574808965E-003
   1.5499825111534235E-003
   1.5499085189224354E-003
   1.5498339772521065E-003
   1.5497588825911228E-003
   1.5496832313727251E-003
   1.5496070200147593E-003
   1.5495302449197313E-003
   1.5494529024748598E-003
   1.5493749890521354E-003
   1.5492965010083838E-003
   1.5492174346853264E-003
   1.5491377864096509E-003
   1.5490575524930786E-003
   1.5489767292324412E-003
   1.5488953129097532E-003
   1.5488132997922952E-003
   1.5487306861326944E-003
   1.5486474681690131E-003
   1.5485636421248359E-003
   1.5484792042093651E-003
   1.5483941506175163E-003
   1.5483084775300188E-003
   1.5482221811135186E-003
   1.5481352575206868E-003
   1.5480477028903289E-003
   1.5479595133475023E-003
   1.5478706850036320E-003
   1.5477812139566335E-003
   1.5476910962910399E-003
   1.5476003280781303E-003
   1.5475089053760655E-003
   1.5474168242300243E-003
   1.5473240806723454E-003
   1.5472306707226741E-003
   1.5471365903881107E-003
   1.5470418356633661E-003
   1.5469464025309177E-003
   1.5468502869611738E-003
   1.5467534849126390E-003
   1.5466559923320831E-003
   1.5465578051547194E-003
   1.5464589193043793E-003
   1.5463593306936981E-003
   1.5462590352243021E-003
   1.5461580287869996E-003
   1.5460563072619772E-003
   1.5459538665189990E-003
   1.5458507024176124E-003
   1.5457468108073566E-003
   1.5456421875279739E-003
   1.5455368284096292E-003
   1.5454307292731308E-003
   1.5453238859301555E-003
   1.5452162941834804E-003
   1.5451079498272143E-003
   1.5449988486470399E-003
   1.5448889864204554E-003
   1.5447783589170206E-003
   1.5446669618986086E-003
   1.5445547911196629E-003
   1.5444418423274544E-003
   1.5443281112623504E-003
   1.5442135936580750E-003
   1.5440982852419896E-003
   1.5439821817353626E-003
   1.5438652788536545E-003
   1.5437475723067999E-003
   1.5436290577994962E-003
   1.5435097310314990E-003
   1.5433895876979147E-003
   1.5432686234895046E-003
   1.5431468340929878E-003
   1.5430242151913502E-003
   1.5429007624641578E-003
   1.5427764715878725E-003
   1.5426513382361729E-003
   1.5425253580802782E-003
   1.5423985267892502E-003
   1.5422708400303512E-003
   1.5421422934694035E-003
   1.5420128827711094E-003
   1.5418826035993897E-003
   1.5417514516177396E-003
   1.5416194224895739E-003
   1.5414865118785843E-003
   1.5413527154491031E-003
   1.5412180288664598E-003
   1.5410824477973559E-003
   1.5409459679102289E-003
   1.5408085848756341E-003
   1.5406702943666221E-003
   1.5405310920591209E-003
   1.5403909736323264E-003
   1.5402499347690927E-003
   1.5401079711563285E-003
   1.5399650784853993E-003
   1.5398212524525307E-003
   1.5396764887592195E-003
   1.5395307831126458E-003
   1.5393841312260931E-003
   1.5392365288193722E-003
   1.5390879716192468E-003
   1.5389384553598688E-003
   1.5387879757832168E-003
   1.5386365286395353E-003
   1.5384841096877874E-003
   1.5383307146961064E-003
   1.5381763394422534E-003
   1.5380209797140841E-003
   1.5378646313100189E-003
   1.5377072900395168E-003
   1.5375489517235582E-003
   1.5373896121951337E-003
   1.5372292672997372E-003
   1.5370679128958672E-003
   1.5369055448555321E-003
   1.5367421590647646E-003
   1.5365777514241424E-003
   1.5364123178493148E-003
   1.5362458542715351E-003
   1.5360783566382050E-003
   1.5359098209134195E-003
   1.5357402430785248E-003
   1.5355696191326816E-003
   1.5353979450934336E-003
   1.5352252169972902E-003
   1.5350514309003076E-003
   1.5348765828786879E-003
   1.5347006690293794E-003
   1.5345236854706857E-003
   1.5343456283428865E-003
   1.5341664938088638E-003
   1.5339862780547355E-003
   1.5338049772905017E-003
   1.5336225877506920E-003
   1.5334391056950288E-003
   1.5332545274090973E-003
   1.5330688492050158E-003
   1.5328820674221273E-003
   1.5326941784276880E-003
   1.5325051786175721E-003
   1.5323150644169765E-003
   1.5321238322811433E-003
   1.5319314786960815E-003
   1.5317380001792999E-003
   1.5315433932805490E-003
   1.5313476545825658E-003
   1.5311507807018313E-003
   1.5309527682893303E-003
   1.5307536140313183E-003
   1.5305533146500994E-003
   1.5303518669048020E-003
   1.5301492675921693E-003
   1.5299455135473451E-003
   1.5297406016446769E-003
   1.5295345287985119E-003
   1.5293272919640023E-003
   1.5291188881379170E-003
   1.5289093143594505E-003
   1.5286985677110403E-003
   1.5284866453191819E-003
   1.5282735443552485E-003
   1.5280592620363115E-003
   1.5278437956259630E-003
   1.5276271424351383E-003
   1.5274092998229340E-003
   1.5271902651974305E-003
   1.5269700360165050E-003
   1.5267486097886535E-003
   1.5265259840738005E-003
   1.5263021564841095E-003
   1.5260771246847890E-003
   1.5258508863948972E-003
   1.5256234393881344E-003
   1.5253947814936370E-003
   1.5251649105967591E-003
   1.5249338246398527E-003
   1.5247015216230738E-003
   1.5244679996052658E-003
   1.5242332567043943E-003
   1.5239972910984377E-003
   1.5237601010261381E-003
   1.5235216847877249E-003
