         151           3         197           2         103
        11        91        93       146         0        46         1
       146        40        70       192        39       187         1
        86         6       123       149        99        86         1
        77       147         7       189       196        13         1
       118        46         8         0       139        45         1
       148        33       138       175        32       191         1
        18       125        84        36        83       121         1
       150       130        22        25        74        40         1
       109       126        23       156       126        60         1
        67        12        86        84        99         0         1
        66        31       119       141        65         0         1
        65        25        89        90       128         0         1
        77        15       147       188         4         0         1
        16       136       131       193         0        24         1
        89        17       112        64       128        23         1
        98        54        35         0        33        53         1
        75       116        90       136        79       135         1
        56        37        94        34       153         0         1
        36       151       132       197       164       182         1
       140       134        43        41        56       174         1
        29       124       100       102       108       151         1
       125        38       107         0       154        55         1
        89        69        17         0        15        68         1
       137       136        16        14         0       172         1
       130        71        22         0         8        70         1
        63        28        96        59       155         0         1
       101        45       108        57       122       109         1
        87        13       119       142        87         0         1
       102       118        30       140       111        45         1
        73         5       145       184       117         0         1
        88       103       120       114       143        88         1
       138        34       148       160         6       173         1
       104        98        35        16        52       116         1
       123        94        37        18       150        97         1
       133        55       132       164       166       180         1
        24        84       125         7       154        85         1
        39       121        99       145        61        73         1
       140         2         3         0       176        56         1
       146        70        10         0       186         2         1
        76       130       150         8       195       157         1
       135        43       134        20       169         0         1
        72        44       100       107       102         0         1
       101        58         4         0       110       122         1
       145       105       106       120       185       184         1
        46       118       102        29       112         5         1
        11        92        91        48         1         0         1
       118        14        83         0       140        82         1
        92       122        91       147        46       148         1
        51       141        15       188         0       177         1
       138       139        51       177       173       175         1
        85       104        84       115        85        81         1
        52       104        35        33         0       115         1
       105        54        98        16       104       118         1
       146       142        21       162       158       186         1
        38       125        94       153       100        22         1
         2       140        43        20         0        38         1
       100       108        45        27       108       107         1
       143        60       132       166       197         0         1
       124        96        28        26       152        66         1
        62       126       109         9       124       127         1
        39        99        25       133         0        37         1
        61       126        96       155       103       101         1
       110       112       109       125       126       123         1
        64       112        17        15         0       125         1
        66       119       113       142        77        11         1
        97        96       124        59       151       103         1
       114        19       113        77       130       132         1
       115        69        89        23        90       134         1
       149        40       131         0       193       192         1
       144        71       130        25       161       183         1
        53         9        98       104       116         0         1
       148        50       129         0       191       190         1
       121        39        93         0       146        37         1
       150        22        41         0       194         8         1
       151         7       143         0       197       196         1
       116        82        80         0       136       138         1
        66       113        19        67         0        65         1
       116        78       117        80       138       135         1
        75        90        79       131         0        17         1
        86       117        78        78        86        84         1
        85        53       104       116        51         0         1
       118       103        14        88        47       139         1
        52        18        84         7       115         0         1
       117        86        12        10       137        80         1
        84        24        85         0        51        36         1
        78         6        86         3        80         0         1
        87       119       102       141       111        28         1
       103        88        14         0        82        31         1
       122       120        32       144        96        95         1
       115        89        25        12       133        68         1
       114        90        81        92       132       131         1
        80        81        90        91       136         0         1
        47        20        91        98       147         0         1
        20        74       121       145        98         0         1
       122        49       120       143        89       148         1
       122        32        47         0       147        89         1
        95        94       123        34       149       100         1
       121        91        20        93        94       146         1
       123        67        86        10         3       150         1
        38        94        95        97         0        55         1
       126        61       111         0       156        62         1
       124        72       100        42        21       152         1
        61        96        97        66         0        62         1
       105        98         9        71       120        53         1
       115        99        68       106       134       133         1
        74        68        99       105       145         0         1
       108       100        44        42       119        57         1
        45        29       100        21        57         0         1
         1        45       101        27       110         0         1
         4         1       101       109        43         0         1
        87       102        30        29         0        87         1
        31        46       102        45       141         0         1
         8        48       103       114       139         0         1
       103        48       120       144        31       113         1
       104        52        84        83        51        52         1
        98       104        53        81        71        33         1
        50        73       145        30       185       190         1
         5        54       105        53       184         0         1
        44        58       108       122       107         0         1
       105         9       106         0        44       104         1
        56       125        18         7         0       153         1
       101       108        58       119        43        27         1
       110        65       112       128        63         0         1
        64        62       109        60       125         0         1
       112        64       109       124        63        64         1
       109        23       110         0        63         9         1
        63       126        62        60         0       155         1
        89       112        65       123        12        15         1
        13        79       113       130       142         0         1
       114       113        79       129       131        67         1
        90       114        79       130        79        91         1
        81        19       114        67        91         0         1
        99       115        25        90        61       105         1
        68        69       115        68       105         0         1
        75        78       116        78        17         0         1
        90       116        80        76        92        17         1
        12        82       117       138        84         0         1
       116       117        82       137        76        78         1
       103       118         8         5       113        82         1
       118        83        30         0        29        47         1
       119        31       102       112        87        11         1
       113       119        13        28       129        65         1
        88       120        49        95         0        31         1
        48        32       120        89       114         0         1
       121        74        99       106        37        94         1
        91       121        93        73         1        98         1
        91       122        47        96        93        48         1
        49       122        92        48         0        95         1
        95       123         6         3         0        97         1
        37        67       123        99        34         0         1
        97       124        29        21         0        66         1
        28        72       124       102        59         0         1
        94       125        56       121        18        55         1
       125       107        24         0        36        22         1
        96       126        63       127        26        62         1
       126       111        23         0         9       101         1
        76        27       130       161        40         0         1
        21       127       146       187        54         0         1
       128       147       141       188       178       189         1
        73       148        34        32         0       190         1
       144       130        27       157       181        70         1
       133        21       142        54       180         0         1
        70       149        26       170         0       192         1
        55        36       132        19        35         0         1
        57        42       134       169       174         0         1
       132        60       133         0        35        58         1
        42       144       135       181       169       183         1
        41        26       136       170       194         0         1
        42       135       134        41       165       167         1
       136        26       149       163       193       168         1
       139        59       141       178       177         0         1
       137       150       136       194        24       195         1
        51        34       138        32        50         0         1
       134       140        57       176       165        20         1
       138        33       139         0        50         6         1
         3        57       140       174        38         0         1
       139       141        51        49        50       171         1
       128       141        59       171         0       159         1
        10        55       142       180       186         0         1
       133       142        55       179        35       162         1
       135       144        27       161         0       167         1
        77       151        36        19         0       196         1
        42        71       144        70       167         0         1
       105       145         5        30       118        44         1
        50       145       106        44         0       117         1
       146        10       142       179        54        39         1
        40       146       127       158         0         2         1
       141       147        15        13        49       159         1
         7       147       128       159         0         4         1
        50       148        73       160       117        72         1
        33       148       129        72         0         6         1
        40       149        70       163         2        69         1
       136       149       131        69        14       170         1
       136       150        41        74       168       172         1
        76       150       137       172         0        40         1
         7       151        77       182         4        75         1
       132       151       143        75        58        19         1
        93        11         1         2
        46         8         5         4
        67        12        10         4
        66        31        11         4
        65        25        12         2
        77        15        13         4
       131        16        14         2
        54        35        16         4
        56        37        18         4
        38       107        22         2
        69        17        23         4
        16       137        24         2
        71        22        25         4
        63        28        26         4
        87        13        28         2
        73         5        30         4
         2         3        38         3
        70        10        39         4
       135        43        41         2
        72        44        42         4
        58         4        43         4
        11        92        46         2
        14        83        47         2
        15        51        49         4
        35        52        52         4
        43         2        56         2
       143        60        58         2
        25        39        61         2
        17        64        64         4
        40       131        69         2
        53         9        71         2
        50       129        72         2
        39        93        73         2
        22        41        74         4
         7       143        75         2
        82        80        76         4
        19        66        77         4
        79        75        79         2
        85        53        81         2
        52        18        83         4
        24        85        85         2
        78         6        86         2
        88        14        88         2
        80        81        92         4
        47        20        93         4
        20        74        94         4
        32        47        96         4
        95        38       100         2
        61       111       101         2
        97        61       103         2
        74        68       106         4
        45        29       108         2
         1        45       109         2
         4         1       110         1
        30        87       111         2
        31        46       112         4
         8        48       113         4
         5        54       118         4
        44        58       119         4
         9       106       120         2
        18        56       121         4
       110        65       123         2
        64        62       124         4
        23       110       126         2
        62        63       127         4
        13        79       129         2
        81        19       132         4
        68        69       134         4
        75        78       135         2
        12        82       137         4
        83        30       140         2
        49        88       143         2
        48        32       144         4
        92        49       148         2
         6        95       149         2
        37        67       150         4
        29        97       151         2
        28        72       152         4
       107        24       154         2
       111        23       156         2
        76        27       157         2
        21       127       158         2
        34        73       160         4
       133        21       162         2
        26        70       163         4
        55        36       164         4
        57        42       165         4
        60       133       166         2
        41        26       168         4
       139        59       171         2
        51        34       173         4
        33       139       175         2
         3        57       176         4
        59       128       178         2
        10        55       179         4
        27       135       181         2
        36        77       182         4
        42        71       183         4
       106        50       185         2
       127        40       187         2
       128         7       189         2
       129        33       191         2
       137        76       195         2
   0.000000000000000       0.000000000000000    
   22.00000000000000       0.000000000000000    
   22.00000000000000      0.5000000000000000    
   0.000000000000000      0.5000000000000000    
   14.00000000000000      0.5000000000000000    
   11.00000000000000       0.000000000000000    
   16.50000000000000       0.000000000000000    
   7.000000000000000      0.5000000000000000    
   13.75000000000000       0.000000000000000    
   18.00000000000000      0.5000000000000000    
   5.500000000000000       0.000000000000000    
   10.50000000000000      0.5000000000000000    
   8.250000000000000       0.000000000000000    
   6.875000000000000       0.000000000000000    
   16.00000000000000      0.5000000000000000    
   19.25000000000000       0.000000000000000    
   3.500000000000000      0.5000000000000000    
   12.25000000000000      0.5000000000000000    
   8.750000000000000      0.5000000000000000    
   5.250000000000000      0.5000000000000000    
   17.87500000000000       0.000000000000000    
   20.00000000000000      0.5000000000000000    
   2.750000000000000       0.000000000000000    
   12.37500000000000       0.000000000000000    
   4.125000000000000       0.000000000000000    
   19.00000000000000      0.5000000000000000    
   20.62500000000000       0.000000000000000    
   1.750000000000000      0.5000000000000000    
   1.375000000000000       0.000000000000000    
   7.562500000000000       0.000000000000000    
   7.875000000000000      0.5000000000000000    
   6.125000000000000      0.5000000000000000    
   15.12500000000000       0.000000000000000    
   15.00000000000000      0.5000000000000000    
   13.12500000000000      0.5000000000000000    
   17.00000000000000      0.5000000000000000    
   11.37500000000000      0.5000000000000000    
   11.68750000000000       0.000000000000000    
   4.812500000000000       0.000000000000000    
   18.56250000000000       0.000000000000000    
   19.50000000000000      0.5000000000000000    
   21.00000000000000      0.5000000000000000    
   21.31250000000000       0.000000000000000    
  0.8750000000000000      0.5000000000000000    
  0.6875000000000000       0.000000000000000    
   7.437500000000000      0.5000000000000000    
   5.687500000000000      0.5000000000000000    
   6.562500000000000      0.5000000000000000    
   6.187500000000000       0.000000000000000    
   14.43750000000000       0.000000000000000    
   15.50000000000000      0.5000000000000000    
   12.68750000000000      0.5000000000000000    
   13.06250000000000       0.000000000000000    
   13.56250000000000      0.5000000000000000    
   17.50000000000000      0.5000000000000000    
   11.81250000000000      0.5000000000000000    
   21.50000000000000      0.5000000000000000    
  0.4375000000000000      0.5000000000000000    
   15.81250000000000       0.000000000000000    
   17.18750000000000       0.000000000000000    
   2.062500000000000       0.000000000000000    
   2.625000000000000      0.5000000000000000    
   2.187500000000000      0.5000000000000000    
   3.062500000000000      0.5000000000000000    
   3.437500000000000       0.000000000000000    
   8.312500000000000      0.5000000000000000    
   10.93750000000000      0.5000000000000000    
   4.375000000000000      0.5000000000000000    
   3.937500000000000      0.5000000000000000    
   18.50000000000000      0.5000000000000000    
   20.50000000000000      0.5000000000000000    
   1.312500000000000      0.5000000000000000    
   14.50000000000000      0.5000000000000000    
   4.812500000000000      0.5000000000000000    
   9.625000000000000       0.000000000000000    
   19.93750000000000       0.000000000000000    
   16.50000000000000      0.5000000000000000    
   10.31250000000000       0.000000000000000    
   8.937500000000000       0.000000000000000    
   9.625000000000000      0.5000000000000000    
   9.187500000000000      0.5000000000000000    
   10.06250000000000      0.5000000000000000    
   7.218750000000000       0.000000000000000    
   12.46875000000000      0.2890625000000000    
   12.71875000000000       0.000000000000000    
   10.71875000000000      0.2187500000000000    
   7.906250000000000       0.000000000000000    
   6.531250000000000       0.000000000000000    
   3.718750000000000      0.2187500000000000    
   9.406250000000000      0.2500000000000000    
   5.468750000000000      0.2968750000000000    
   5.843750000000000       0.000000000000000    
   5.156250000000000       0.000000000000000    
   11.59375000000000      0.2890625000000000    
   11.34375000000000       0.000000000000000    
   1.968750000000000      0.2890625000000000    
   1.718750000000000       0.000000000000000    
   13.34375000000000      0.2187500000000000    
   4.593750000000000      0.2500000000000000    
   1.093750000000000      0.2187500000000000    
  0.2187500000000000      0.2500000000000000    
   7.656250000000000      0.2890625000000000    
   6.781250000000000      0.2890625000000000    
   12.90625000000000      0.2734375000000000    
   13.78125000000000      0.2968750000000000    
   14.09375000000000       0.000000000000000    
   12.03125000000000       0.000000000000000    
  0.6562500000000000      0.2968750000000000    
   2.843750000000000      0.2890625000000000    
   3.093750000000000       0.000000000000000    
   2.406250000000000       0.000000000000000    
   3.281250000000000      0.2734375000000000    
   8.531250000000000      0.2187500000000000    
   8.968750000000000      0.2968750000000000    
   4.156250000000000      0.2968750000000000    
   9.843750000000000      0.2500000000000000    
   10.28125000000000      0.2968750000000000    
   7.218750000000000      0.2978515625000000    
   8.093750000000000      0.2734375000000000    
   6.343750000000000      0.2734375000000000    
   5.031250000000000      0.2822265625000000    
   5.906250000000000      0.2939453125000000    
   11.15625000000000      0.2734375000000000    
   1.531250000000000      0.2734375000000000    
   12.03125000000000      0.2978515625000000    
   2.406250000000000      0.2978515625000000    
   18.21875000000000       0.000000000000000    
   16.15625000000000       0.000000000000000    
   14.78125000000000       0.000000000000000    
   20.25000000000000      0.2148437500000000    
   18.90625000000000       0.000000000000000    
   17.25000000000000      0.3085937500000000    
   17.53125000000000       0.000000000000000    
   21.25000000000000      0.3085937500000000    
   20.96875000000000       0.000000000000000    
   19.25000000000000      0.3125000000000000    
   19.59375000000000       0.000000000000000    
   15.25000000000000      0.2968750000000000    
   15.46875000000000       0.000000000000000    
   21.75000000000000      0.2500000000000000    
   15.75000000000000      0.3085937500000000    
   17.75000000000000      0.2968750000000000    
   16.84375000000000       0.000000000000000    
   20.75000000000000      0.2968750000000000    
   14.25000000000000      0.2880859375000000    
   18.25000000000000      0.3115234375000000    
   16.25000000000000      0.3037109375000000    
   14.75000000000000      0.3115234375000000    
   18.75000000000000      0.2880859375000000    
   19.75000000000000      0.2880859375000000    
   16.75000000000000      0.3037109375000000    
