          82           3          80           2          82
        39        11        20        18        73         0         1
        40        10        21        54         0        39         1
         6        12        78        80         0        10         1
        59         7        15        13        49         0         1
         8        30        46        45         0        29         1
        33        34        50        72         0        32         1
        24        52        18         0        36        51         1
        71        22        76        74        25         0         1
        61        23        62        60        62         0         1
         6        67        12         0         3        66         1
        13        66        31         0        28        65         1
        49        48        32         0        48        31         1
         7        77        15         0         4        75         1
        40        16        26        24        69         0         1
        17        65        69        23         0        64         1
        53         9        54        53        33         0         1
        81        75        80        76         0        79         1
        11        47        20         0         1        46         1
        60        55        36         0        58        35         1
        43        57        42         0        41        56         1
        44        45        29         0        42        57         1
        38        56        37         0        34        55         1
        65        25        69        68        15         0         1
        16        41        26         0        14        40         1
        76        27        71        70         8         0         1
        63        28        61        59        62         0         1
        58         1        45         0        57        43         1
        13        31        30        45         0        11         1
         8        14        30         0         5        47         1
        50        73         5         0        44        72         1
        48        49        14         0        47        12         1
        33        51        34         0         6        50         1
        54        35        53        52        16         0         1
        37         6        38         0        22        66         1
        55        60        21         0        54        19         1
        18        38        24         0         7        55         1
        68        39        74        73         0        61         1
        57         2         3         0         0        56         1
        10        40        70        69         0         2         1
        76        41        16        24         0        74         1
        42        27        43         0        20        70         1
        29        72        44         0        21        71         1
         1        58         4         0         0        27         1
         5         9        50         0        30        53         1
        30        31        46         0         5        28         1
        49        47        11        18         0        48         1
        14         8        48         0        31        29         1
        47        49        32        12         0        46         1
        51        59        15         4         0        50         1
        59        51        33        32         0        49         1
        53        52        24         7         0        52         1
        52        53        35        33         0        51         1
         9         5        54         0        16        44         1
        21        10        55         0        35         2         1
        38        18        56         0        22        36         1
         2        57        43        20         0        38         1
        45        44        58         0        27        21         1
        36         7        60         0        19        75         1
        28        29        61         0        26        71         1
        23        64        62         0         9        63         1
        39        68        25        68         0        37         1
        61        62        63         0        26         9         1
        65        64        23        60         0        64         1
        64        65        17        15         0        63         1
        13        19        66         0        11        77         1
         6        37        67         0        10        34         1
        79        81        19         0        77        79         1
        25        68        69         0        23        61         1
        40        26        70         0        39        14         1
        27        42        71         0        25        41         1
        29        28        72         0        42        59         1
        50        34        73         0        30         6         1
        39        20        74         0        37         1         1
        41        76        22         8         0        40         1
         7        36        77         0        13        58         1
        75        82        80         0        17        78         1
        19        13        79         0        67        65         1
        82        75        78         0        80        76         1
        75        81        79        67         0        17         1
        78        12        82         0        78         3         1
        39        11         1         2
        21        40         2         2
        78         6         3         2
        59         7         4         2
        46         8         5         4
        50        33         6         2
        52        18         7         4
        71        22         8         4
        61        23         9         2
        67        12        10         4
        66        31        11         4
        48        32        12         4
        77        15        13         4
        40        16        14         2
        69        17        15         4
        53         9        16         2
        80        81        17         4
        47        20        18         4
        55        36        19         4
        57        42        20         4
        45        29        21         2
        56        37        22         4
        65        25        23         2
        41        26        24         4
        76        27        25         2
        63        28        26         4
         1        45        27         2
        30        13        28         2
        14        30        29         2
        73         5        30         4
        49        14        31         2
        51        34        32         4
        54        35        33         4
         6        38        34         2
        60        21        35         2
        38        24        36         2
        74        68        37         4
         2         3        38         3
         3        57        38         4
        70        10        39         4
        16        76        40         2
        27        43        41         2
        72        44        42         4
        58         4        43         4
         4         1        43         1
         9        50        44         2
        31        46        45         4
        11        49        46         2
         8        48        47         4
        32        47        48         4
        15        51        49         4
        33        59        50         2
        24        53        51         2
        35        52        52         4
         5        54        53         4
        10        55        54         4
        18        56        55         4
        43         2        56         2
        44        58        57         4
         7        60        58         2
        29        61        59         2
        64        62        60         4
        25        39        61         2
        62        63        62         4
        23        65        63         2
        17        64        64         4
        19        66        65         4
        37        67        66         4
        81        19        67         4
        68        69        68         4
        26        70        69         4
        42        71        70         4
        28        72        71         4
        34        73        72         4
        20        74        73         4
        22        41        74         4
        36        77        75         4
        82        80        76         4
        13        79        77         2
        75        78        78         2
        79        75        79         2
        12        82        80         4
   0.000000000000000       0.000000000000000    
   22.00000000000000       0.000000000000000    
   22.00000000000000      0.5000000000000000    
   0.000000000000000      0.5000000000000000    
   14.00000000000000      0.5000000000000000    
   11.00000000000000       0.000000000000000    
   16.50000000000000       0.000000000000000    
   7.000000000000000      0.5000000000000000    
   13.75000000000000       0.000000000000000    
   18.00000000000000      0.5000000000000000    
   5.500000000000000       0.000000000000000    
   10.50000000000000      0.5000000000000000    
   8.250000000000000       0.000000000000000    
   6.875000000000000       0.000000000000000    
   16.00000000000000      0.5000000000000000    
   19.25000000000000       0.000000000000000    
   3.500000000000000      0.5000000000000000    
   12.25000000000000      0.5000000000000000    
   8.750000000000000      0.5000000000000000    
   5.250000000000000      0.5000000000000000    
   17.87500000000000       0.000000000000000    
   20.00000000000000      0.5000000000000000    
   2.750000000000000       0.000000000000000    
   12.37500000000000       0.000000000000000    
   4.125000000000000       0.000000000000000    
   19.00000000000000      0.5000000000000000    
   20.62500000000000       0.000000000000000    
   1.750000000000000      0.5000000000000000    
   1.375000000000000       0.000000000000000    
   7.562500000000000       0.000000000000000    
   7.875000000000000      0.5000000000000000    
   6.125000000000000      0.5000000000000000    
   15.12500000000000       0.000000000000000    
   15.00000000000000      0.5000000000000000    
   13.12500000000000      0.5000000000000000    
   17.00000000000000      0.5000000000000000    
   11.37500000000000      0.5000000000000000    
   11.68750000000000       0.000000000000000    
   4.812500000000000       0.000000000000000    
   18.56250000000000       0.000000000000000    
   19.50000000000000      0.5000000000000000    
   21.00000000000000      0.5000000000000000    
   21.31250000000000       0.000000000000000    
  0.8750000000000000      0.5000000000000000    
  0.6875000000000000       0.000000000000000    
   7.437500000000000      0.5000000000000000    
   5.687500000000000      0.5000000000000000    
   6.562500000000000      0.5000000000000000    
   6.187500000000000       0.000000000000000    
   14.43750000000000       0.000000000000000    
   15.50000000000000      0.5000000000000000    
   12.68750000000000      0.5000000000000000    
   13.06250000000000       0.000000000000000    
   13.56250000000000      0.5000000000000000    
   17.50000000000000      0.5000000000000000    
   11.81250000000000      0.5000000000000000    
   21.50000000000000      0.5000000000000000    
  0.4375000000000000      0.5000000000000000    
   15.81250000000000       0.000000000000000    
   17.18750000000000       0.000000000000000    
   2.062500000000000       0.000000000000000    
   2.625000000000000      0.5000000000000000    
   2.187500000000000      0.5000000000000000    
   3.062500000000000      0.5000000000000000    
   3.437500000000000       0.000000000000000    
   8.312500000000000      0.5000000000000000    
   10.93750000000000      0.5000000000000000    
   4.375000000000000      0.5000000000000000    
   3.937500000000000      0.5000000000000000    
   18.50000000000000      0.5000000000000000    
   20.50000000000000      0.5000000000000000    
   1.312500000000000      0.5000000000000000    
   14.50000000000000      0.5000000000000000    
   4.812500000000000      0.5000000000000000    
   9.625000000000000       0.000000000000000    
   19.93750000000000       0.000000000000000    
   16.50000000000000      0.5000000000000000    
   10.31250000000000       0.000000000000000    
   8.937500000000000       0.000000000000000    
   9.625000000000000      0.5000000000000000    
   9.187500000000000      0.5000000000000000    
   10.06250000000000      0.5000000000000000    
