         452           3         702           2         200
       280       152        11       199       410       409         1
       347       447       153       656       192       624         1
       374        86       207       445         0       567         1
       409        33       239       206       342         0         1
       118       277         8         0       250       407         1
       408       148       199       280        72       641         1
       125       174       254       370       373       240         1
       416       369       157       208       638        25         1
       109       158       256       372       270       419         1
       228       379        12       574        80       575         1
        31       119       394       601         0       141         1
       386       303       196        90       588       300         1
       448       407       147       687       697       696         1
        16       159       258       375         0       213         1
       259        89       196       588       334       378         1
        35       172       359       544       542        33         1
       206       205       372       566       279       131         1
       405       376        37         0       623       622         1
       442       410       151       633       684       263         1
       414       134       437       675       673       637         1
        29       124       164       531       262       428         1
       260       107       353       533       224         0         1
        17       160       259       378       377       214         1
       166       136       261       380       535       323         1
       369       416        22        40       285         8         1
        28       366       344       555         0       274         1
       263       262        45         0       382       109         1
       301       119       208       503        87       551         1
       102       169       266       387       297       403         1
       170       268       145       245       390       392         1
       171       120       269       393       143       234         1
       417       156       238       207       340       627         1
       104       172        35        16       591       541         1
        94       405       211       620       414       622         1
       438       418       173       166       238       677         1
        24       271       174       397       154       399         1
       337       400       175       547       242       506         1
       449       420       140       339       698       331         1
       447       406       146       683       695       694         1
        22       416       232       651         0        25         1
       135        43       176       243       314         0         1
       226       377        44       570        57       572         1
       326       273       101       303       122       246         1
       145       178       274       401       573       245         1
       356       276       118       407       539       538         1
        92       179       278       406         0       248         1
       180       279        83         0       251       408         1
       341       280       179       406       513       147         1
       440       432        51         0       681       680         1
       181       138       218       343       312       356         1
       281       182        85       395       411        81         1
       104       388        52         0       115       591         1
       105        54       183       256       104       525         1
       421       127       424       158       654         0         1
        38       165       282       413       418       379         1
       428       422       163       218       662       174         1
       108       226        44        42       701       386         1
       419        60       418       643       642       197         1
       124       193       366       554       274        66         1
       346       286       126       423       211       519         1
       363       400       362       612       550       613         1
        61       190       288       422       273       465         1
       290       191       110       374       425       123         1
       112       391        64         0       125       596         1
        66       119       192       549        77       601         1
       193       124       291       428       151        59         1
       114        19       194       275       130       132         1
       115        69       196       277        90       134         1
       131       250       251       363       365       321         1
       423        71       232         0       651       346         1
       387       315       183       104       590       470         1
       199       129       408       629         6       284         1
        93       338       339       146       510       507         1
       200        41       225       366       172         0         1
       201       143       442       685       684       287         1
       333       292       116       216       138       289         1
       365        66       192        65       553       552         1
       294       293        78         0       432       135         1
       373       403       372       618       566       619         1
       117       228        12        10       702       436         1
       281       104       182       484        51       543         1
       180       297        14       443       408       437         1
       389       323        84       114       594       592         1
       296       300       295       444       438       435         1
       383       272        85         0       395       582         1
       228       300        86       445       575       444         1
       301       208        87       389       446        28         1
       297       103       299       439       443       139         1
       122       210       385       585       448       460         1
       196       303       115       266        68        12         1
       206       306       114       456       497       293         1
       308        90       332       136       299       292         1
        20       340       450       511         0       512         1
       399       360        74         0       611       610         1
       309       122       179       513       248       460         1
       122        32       302         0       449       448         1
       211       123       310       461       149       302         1
       121       338       340       198       512       146         1
       311       154       350       527       203       464         1
       284       282        94       153       414       418         1
       190       312       126       211       515       468         1
       314       164       352       531       221       469         1
       384        97       289         0       426       584         1
       183       315       105       593        53        71         1
       189       317       115       475       454       265         1
       319        99       337       506       304       264         1
       265       320       264       478       388       385         1
       226       320       100       479       572       478         1
       262       263       168       384       383        27         1
       213       321       101       536       303       481         1
        87       382       267       580         0       389         1
       395       335       102       501       604       602         1
       398       357        48         0       609       608         1
        18        84       323        83         0       239         1
        52       389       104       484        52       592         1
       172       324        98       259       544       254         1
       378       199       227       283       571       327         1
       396       348       105       525       605       603         1
       451        58       108       227       701         0         1
       325       106       178       401       595         0         1
        56       125       255       373         0       223         1
       326       101       355       536       229        43         1
       290       112       191       490        63       530         1
       392       327       109       489       599       597         1
        64       392       112       490        64       597         1
       381       257       110         0       374       578         1
        63       126       287       423         0       268         1
       160       328        89       281       378       269         1
       393       329       194       130       600       492         1
       194       329       114       294        67       129         1
       205       206       331       497       496        17         1
       307        19       114        67       456         0         1
       188       189       305       454       453       546         1
       318        69       115        68       475         0         1
       293       294       204       434       433        78         1
       161       332        90        92       217       276         1
       452        82       117       288       702         0         1
       333       116       370       290       291        76         1
       103       297       298       437       540        88         1
       334        30       169       387       502         0         1
        31       395       119       503        11       602         1
       192       336       113       278       553       295         1
       171       269        88       394       442        31         1
       397       322       120       586       234       607         1
       121       399       175       242       509       610         1
       339       338       121        98       509        73         1
       341        91       280       409        48       700         1
       309        49       210       298       460       459         1
       211       310        95       462       417        97         1
       404       270       123       528       302       621         1
       193       291        97       429       584        66         1
       124        28       285         0       532       274         1
        94       282       283       413       569       100         1
       342        24       174        36       516         0         1
       343        96       288       583       422       518         1
       345        23       158       372       520         0         1
       246       198       367       355       556       161         1
       425       424       127        54       655       200         1
       426       214       430       665       178       686         1
       368        73       401       615       614         0         1
       198       246       241       315       335       157         1
       133        21       215       351       237         0         1
       347       149       216       309       523       192         1
        36       411       413       261         0       631         1
        42       439       415       679         0       244         1
       133       173       418        35       643       237         1
       221       220       135       181       314       169         1
       253       242        26         0       369       368         1
       221       144       220       354       167       360         1
       216       224        26       369         0       309         1
       444       427        59       252       306       689         1
       200       225       150       225       559        74         1
       217       238       138       175       357       341         1
       422       428       162         0       648        56         1
       239       138       238       173       207       343         1
       237       429       140       650       339       663         1
       440       247       181       356       253       681         1
       430       128       426       657       159         0         1
       219       240       142       180       359       345         1
       142       240       173       238       308       179         1
       135       220        27       282         0       167         1
       433       412        77         0       669       668         1
       222       241       144       315       361       347         1
       396       178       268       245       524       487         1
       275       378       274       573       404       402         1
       248       185       441       682       258       353         1
       425        40       153       201       656       655         1
       431       141       444       689       688       667         1
         7       223       128       657         0       319         1
       170       349        73       526         0       390         1
       409       156       408       627       629       342         1
       149       347       153         2       364       163         1
       250       159       224       212       362       321         1
       252       166       225       349       366       323         1
       244       435       243       670       352       350         1
       433       155       201       205       286       626         1
       434        60       419        58       645         0         1
       340       338       152       507       508        98         1
        93        11       152         1       507         0         1
       146       424       425       158       695       653         1
       153        40       251       365       364       187         1
         6       123       154       527       296       461         1
       311       350        67       396       463        99         1
       223       155       147       697       320       319         1
       155         7       201       287       196       319         1
       239        33       218       311       343         4         1
       156       239       238       175        32       342         1
       435       157       369         8       558       672         1
       446        76       380         0       693       692         1
       286       109        62       489       421       419         1
       126       312       346       521        60       101         1
       253       224       159       193       348       369         1
       261       159        16        14       381       380         1
        17       112       160       529        23       596         1
       328       351        65       427       491       269         1
       292       161       116       560        76       276         1
       403       161        90       136       618       564         1
       163       422       429       650       635        56         1
       449         2       233         0       331       699         1
       428       437        43       243         0       662         1
       314       352        72       420       467       102         1
       361       100       186       479         0       548         1
       283       125        56       121       416       415         1
       353       165       260       379        22       534         1
       150       225       243       349       670       172         1
       354       137       166       324       535         0         1
       326       108        58       119       488       486         1
       321       167       355       537       536       480         1
       355       168       326       486       122       537         1
       276       102        46       501       405       403         1
       334       356        83       251         0       502         1
       349       145       227       571       526       390         1
       299        88        14         0       443       442         1
       171       397       120       144        31       606         1
       324       358        53       412       485       254         1
       359        98       183       590       333       544         1
       173       133       215       162       308       166         1
       438       173       240       180       344        35         1
       254        84        18       114       371       370         1
       174       125       353       534       516         7         1
       339       175        39       547       510       509         1
       399       337       175        37       145       611         1
       437       176        43        41       220       675         1
       439        42       249       318       317       165         1
       268       178       145        44        30       184         1
       177       273       326        43       488       400         1
         9       390       315       593       473       471         1
       309       179        92        46       459        95         1
       341       122        47       449       514       513         1
       298       118         8         5       441       440         1
       356       180        83        47       231       539         1
       427       139        59         0       171       660         1
       440       181       427       660       659       177         1
       358       324       172       116       541       235         1
        84       271       383       582       594       397         1
       230       183        54        53         0       333         1
       189       362       319       264       265       546         1
       248       441        10       625       313       186         1
       324       184        98       472       116       485         1
       215       245       142       358       308       351         1
       132       413       411       164       644       634         1
       164       361        29         0        21       548         1
       442       187       410       632        19       671         1
       362        99       319       106       257       612         1
       189       319       317       476       105       257         1
       115       303       305       450       454        90         1
       312       313       111         0       521       468         1
       343       126        63       127       517       515         1
       351       328       160       128       529       215         1
       109       256       381       578       599         9         1
       336       364        13       447       504       295         1
       365       113       194       600       338       553         1
       288       289        61         0        62       426         1
       124       366        28        26       152        59         1
       235       194        19        67         0       338         1
       292       332       161       136       216       430         1
       231       196        69        68         0       334         1
       336       195       113       494       142       504         1
       206       372       308       292       293        17         1
       401       199       148         6       614       283         1
       328       197        89       451       128       491         1
       220       246        27       556       181       354         1
       401       227       199       117       280       615         1
        50       129       199        72       327         0         1
       369        22       200         0       559        25         1
       201       151       433       668       196       684         1
         7       143       201        75       205         0         1
       333       117        82       137       500       499         1
       202       292       333        76       500       431         1
       402       370       116       138       560       617         1
       370       204       333       499       138       561         1
       372        90       308        92       279       618         1
       206       308       306       457        91       279         1
       114       329       331       493       497       130         1
       364       336       192       142       549       271         1
       154       374         6         0       202       567         1
       102       266       382       580       604        29         1
        49       375       210       585       148       565         1
       209       308       332        92       498       458         1
       304       303       386        12       587       452         1
       284        95        38         0       418       417         1
       211       404       123       150        97       620         1
       101       273       213       398       110        43         1
       212       319       337       106       505       477         1
       431       443        15       522       666       664         1
       430       444        59       171         0       665         1
        21       421       245       649       351         0         1
       173       215       142       260       180       237         1
       224       216       149       163       362       170         1
       247        51       217         0       357       681         1
        33       139       218       312       206         0         1
       181       218       139       311       660        50         1
       248        10       219         0       359       258         1
       221       135       176        41       678       167         1
       144       241       246       161       354       183         1
       439       176       134       675       679       678         1
       249       221       439       678       244       360         1
       249        42       222         0       361       244         1
       155       223         7       189       205       204         1
       426       223       147       204       658       657         1
       159       250       131        69       375       193         1
       252       242       136       368       323       367         1
       166       252       136       322        24       194         1
       243       166       137       226       352       349         1
       108       263       264       382       386       384         1
       377       100       314       469       337       572         1
       199       378        50       402       284       117         1
       417       368       148       614       641       640         1
       117       294       295       432       436       434         1
       379        86       311       464       332       575         1
       233       420       449        38       219       647         1
       229       379       311       330       463       574         1
       230       359       183       236       256       542         1
       231       259       196        15       277       377         1
       423       198       241       161       346       690         1
       446       236       130       691       577       693         1
       234       377       314       326       467       570         1
       235       365       194       272       275       552         1
       140       420       237       646       176        38         1
       417       238        34       341       640        32         1
       217        34       238       340       173         0         1
       239       156       409       191         4       207         1
       218       138       239       175       206        50         1
       438       240        55       345       676       238         1
       219        55       240       344       179         0         1
       423       241        71       347        70       335         1
       222        71       241       346       183         0         1
       253       159       136       380       368       212         1
       166       243       225       225       194       324         1
       244        76       435       672       195         0         1
        21       245       215       260       162       307         1
       243       137       244         0       195       324         1
       248       245       185       649       186       358         1
       144       246       220       282       169       315         1
       445       367       198       157       690       557         1
       138       181       247       177       357        50         1
       217       138       247       356       310       173         1
       245       248       142       359       260       353         1
       219       142       248       358       313       179         1
       144       221       249       317       361       169         1
       222       144       249       360       318       183         1
       224       149       250       363       193       309         1
       251       250       149       362       364        69         1
       153       251       149       363       192       201         1
       131       251        40       201         0        69         1
       225        41       252       367       194        74         1
       242       252        41       366         0       322         1
       242       253       136       348       322       168         1
        26       224       253       212       168       170         1
        84       254       174         7       397       239         1
       255       254        18       239         0       373         1
       158        23       256       376         9       156         1
       254       255       125       121         7       371         1
       110       191       381       576       126        63         1
       159       131       258         0        14       321         1
       256        23       257         0       578       372         1
        17       259       231       334         0        23         1
       160        89       259        15        23       128         1
       165        38       260         0       224        55         1
       159       261       136        24       348       213         1
       354       261        16       213         0       535         1
       264       263        45        27       388       325         1
       168       167       262         0       109       537         1
       168       263       108       325       486       109         1
       265       186       320       479       107         0         1
       108       264       226       478        57       325         1
       169        30       266       391        29       140         1
       264        45       265         0       107       382         1
        87       208       382       579       111        87         1
       145       349       170       190        30       232         1
       266        30       267         0       580       387         1
       170         5       268       524        30         0         1
       375       269       120        31       568       565         1
        49        88       269       143       565         0         1
        85       182       383       581        85        51         1
       350       270        67         0       203       528         1
        84       174       271        36       255       370         1
         4       213       273       303       400         0         1
       271        24       272         0       582        36         1
       177         4       273       398       246         0         1
       178       106       274       404        44       120         1
       275        50       378       327       185         0         1
       102       276       169       538        29       230         1
       274       106       275         0       185       401         1
       277       276        46       230         0       407         1
       280       278       179        46        48       410         1
       276       277       118         5        45       405         1
       180        14       279         0        47        82         1
       152       280        91       147       508         1         1
       278       280        11         1         0       406         1
        85        53       281       412        51         0         1
       358       281        53       411       235       543         1
       283       282       165        55       415       153         1
       284        94       211        34       417       100         1
       125       283       165       413       534       223         1
       283        56       376         0       569       223         1
        95       284       211       414       149       301         1
        38       282       284       100       301        55         1
       109       286       158       519         9       210         1
       352       285        72         0       221       532         1
       287       286        62       210         0       423         1
       343       288       190        62       515       155         1
       286       287       126       127        60       421         1
        96       366       384       554       583       555         1
       110        65       290       427        63         0         1
       384       289       288       273       583       103         1
       351       290        65       425       215       530         1
       124        29       291       429        66        21         1
        29        97       291       151       428         0         1
       332       292        80       431       498       276         1
       202        80       292       430       289         0         1
       295       294        78        78       438       329         1
       204       203       293         0       135       561         1
       204       294       117       329       499       135         1
       296       207       300       445        84         0         1
       117       295       228       444        80       329         1
       298       297       180        82       440       139         1
       295        78       296         0        84       432         1
       299       103       171       483       442        88         1
       118       298       180       437       539       250         1
       298         8       357         0       540       250         1
        88       299       171       439       143       233         1
        14       297       299        88       233        82         1
       300       228       295       436        84        86         1
       207        86       300        86       435         3         1
        87        13       301       447        87         0         1
       364       301        13       446       271       551         1
       122       385        32       482        96        89         1
        47       122       302        96         0       249         1
       305       303        25       452       453       266         1
       197       386        89       588       281       587         1
        25       303       304       300         0       450         1
       188       305        25       450         0       133         1
       115       305       189       133       105       266         1
       307       306        81       457         0       456         1
       306       307       114       132        91       455         1
        81       306       308       293       458       455         1
       209        81       308       457       299         0         1
        49       309        92       248         0       148         1
       210       122       309        95       148        89         1
       123         6       310       462        97       202         1
         6        95       310       149       461         0         1
       229       311        67       203         0       332         1
        86       154       311        99       330       567         1
       313       190        61        62         0       468         1
       111       345       346       520       521         0         1
       234       314        72       221         0       337         1
       190       313       312       267       101       465         1
       100       164       314       102       326       548         1
       316       315       387        71       589       473         1
       390         9       325         0       595       247         1
       184       387        98       590       259       589         1
         9       315       316       470         0       247         1
       318       317        68       476         0       475         1
       317       318       115       134       105       474         1
        68       317       319       265       477       474         1
       212        68       319       476       304         0         1
       320       226       264       386       107       108         1
       186       100       320       108       385       222         1
         1       167       321       228       481         0         1
       213         1       321       480       110         0         1
       385       322        32         0       448       586         1
       171       103       398       608       606       439         1
       104       389       182       581        81       115         1
       184       324        53       235         0       259         1
       108       326       168       229       384       227         1
       390       178       396       184       605       595         1
       177       326        58       227         0       246         1
        62       109       327       124         0       210         1
       112       392       191       576       123       125         1
       197       328        65       215         0       281         1
       330       329       393       129       598       495         1
       331       329        79       495       496       294         1
       195       393       113       600       278       598         1
        79       329       330       492         0       493         1
       205       331        79       493         0       131         1
       114       331       206       131        91       294         1
       209       332        80       430         0       299         1
       117       333       204       291       434       288         1
       202       333        82       288         0       289         1
        46       102       335       112         0       230         1
       356       334       169       140       538       231         1
       119       395       208       579        28       141         1
       195       336        13       271         0       278         1
       212       337        74       611         0       304         1
       400       337        99       106       612        37         1
        93       152       338       198        73       199         1
       152        91       340       511       198       409         1
       175       339       121       146       145       241         1
        93       339        39       241         0        73         1
       450       340        91       508       700        93         1
       121       340        20        93       545        98         1
       122       341       179        48        95       249         1
       450       341        47       249         0       700         1
       126       343       190       422       101       268         1
       353       342       174       154       240       533         1
       344       343        63       268         0       518         1
       343       344        96       555       155       517         1
       346       158       286       419        60       520         1
       346       345       158       156       519       466         1
       111       346       312       211       267       466         1
       443       407        15         0       305       687         1
       216        70       347       624       163         0         1
       396       268         5       392       603       184         1
        54       105       348       118         0        53         1
       227        73       349       190       232       615         1
       154       123       350       528        99       202         1
       270       350       123       527       150       396         1
       160       112       351       530       269       214         1
       290       351       112       529       123       427         1
       164       124       352       532       102        21         1
       285       352       124       531       152       420         1
       353       107       342         0       516        22         1
       125       165       353       224       240       415         1
       261       354       166       226        24       381         1
       321       355       101       122       110       228         1
       167       168       355       229       228       383         1
       276       356       169       502       403        45         1
       180       356       118        45       440       251         1
       298       357       103       608       139       441         1
       172       104       358       543       254        33         1
        35       359       230       333         0        16         1
       281       358       104       541        81       412         1
       172        98       359       236        16       116         1
       121        20       360         0       610       512         1
       189       188       362       550       257       133         1
        39       175       400        37       613       241         1
       100       361       164       262       469       222         1
       192       119       364       551       295        65         1
       362       188       363         0        61       546         1
       301       364       119       549        28       447         1
        66       365       235       338         0        77         1
       192       113       365       272        77       142         1
       384       366       193        59       584       424         1
       344       366        96       424       518        26         1
       246       367        27         0       282       157         1
       367       445       236       691         0       355         1
       435       369       150       559       670       208         1
       200       150       369       558       285       172         1
       161       402       116       290       216       616         1
       203       204       370       291       563       433         1
       402        75       371         0       617       616         1
       203       370       371       617         0       561         1
        75       161       403       217       619       616         1
       269       375        49       298       394       393         1
       372       205       373         0        79        17         1
        86       374       154       296       464         3         1
       385       375       120       393       586       585         1
       283       376        94       622       153       416         1
        44       377       234       337         0        42         1
       227       145       378       573       117       232         1
       226       100       377       326        42       108         1
       378       145       274        44       185       571         1
        12       379       229       332         0        10         1
       228        86       379       330        10        86         1
       381       191       392       490       599       374         1
       446       130       416       639       638       336         1
       256       257       381       126       270       376         1
       382       208       395       503       604       389         1
       266       267       382       111       297       391         1
       383       182       389       484       594       395         1
       271       272       383        85       255       399         1
        96       384       288       426       155       424         1
        97       384       193       554       151       103         1
       375       385       210        89       298       568         1
       322       385       120       568       144       482         1
       304       386       197       451         0       300         1
       196        89       386       451        12        15         1
       316       387       184       472         0       470         1
       183        98       387       472        71       236         1
       104        35       388         0        52        33         1
       323       389        52       115         0        83         1
       315       390       105       605       104       247         1
       383       389        84        83       255       581         1
       325       178       390       487       471       120         1
       112        17       391         0        64       214         1
       327       392        64       125         0       124         1
       330       393       195       494         0       492         1
       381       392       109       124       270       576         1
       194       113       393       494       129       272         1
       119        66       394         0        11        65         1
       335       395        31       141         0       112         1
       348       396         5       524         0       118         1
       382       395       102       112       297       579         1
       390       396       105       118       593       487         1
       398       397       171       234       483       609         1
       322       397        48       609         0       144         1
       357       398       103       483       540       113         1
       397       398        48       113       607       606         1
       360       399       121       145       545        94         1
       337       399        74        94       505       242         1
       362       400        99       506       264        61         1
        39       400       363        61         0       547         1
       368       401       148       280       328       160         1
        73       227       401       283       160       526         1
        75       402       161       560       564       562         1
       370       402       371       562       563       290         1
       372       403        90       217       292        79         1
        75       403       373        79         0       564         1
       405       404       211       302        34       623         1
       270       404        37       623         0       150         1
       376       405        94        34       569        18         1
       404       405        37        18       621       620         1
       447       347        70       523       694         2         1
       441       406        10         0       258       683         1
       433       448       155       697       196       669         1
       417       408       156       191        32       641         1
       187       419       411       644       632       645         1
       408       129       409         0       191        72         1
       412       410        36       631         0       633         1
        36       410       411       632       164       630         1
       187       411       410       631       263       628         1
       410       412       151       668        19       630         1
       438       413       132       261       677       676         1
       429       414       163       673       218       661         1
       415       414        57       661         0       637         1
       414       415       134       679        20       636         1
       446       416       157         8       692       577         1
       423       416       130       577       652       651         1
       368       417        34       340         0       328         1
       408       417       148       328         6       627         1
       419       418       132       677       644        58         1
       133       418        60        58         0       166         1
       411       419       132       642       261       628         1
       419       187       434       671       197       628         1
         3       237       420       339       647         0         1
       233         3       420       646       331         0         1
       436       422       162       174         0       674         1
       245       421       185       654       353       307         1
       429       422       140       698       176       218         1
       416       423       232        70        40       639         1
       445       423       130       639       691       690         1
       441       424       146       200       683       682         1
       421       424       185       682       649        54         1
        40       425       127       158         0       187         1
       425       153       447         2       695       187         1
       223       426       128       178       189       320         1
       443       426       147       320       687       686         1
       440       427       141       689       680       253         1
       139       427       181       253       312       252         1
       414       429        57       663       636       635         1
       437       428       163        56       673       220         1
       237        57       429       661       176         0         1
       443       431       214       688       686       305         1
       444       430       214       159       688       306         1
       432       431        15       305         0       667         1
       431       432       141       680       188       666         1
       412       433       151       286       633       182         1
       448       433        77       182       696       626         1
       435       150       243       225       195       558         1
       442       434       187       645       263       685         1
        76       157       435       208       350       692         1
       414       437       163       662       635        20         1
       436       449       422       698       648       699         1
       176       437       134        20       316       243         1
       413       438        55       344         0       634         1
       418       438       132       634       642        35         1
       176       439       221       317       314       316         1
       415       439       134       316       637       165         1
       432       440       141       659       667        49         1
       247       440        51        49       310       177         1
       424       441       185       186       654       653         1
       406       441       146       653        39       625         1
       201       442       151        19       286        75         1
       434       442       143        75         0       671         1
       426       443       214       664       159       658         1
       407       443       147       658        13       522         1
       431       444       214       665       664       188         1
       427       444       141       188       659       171         1
       423       445       198       355       335       652         1
       236       445       130       652       336       557         1
        76       446       157       638       672       209         1
       236       446       380       209         0       336         1
       406       447        70       624         0        39         1
       425       447       146        39       200       656         1
       407       448        77       669         0        13         1
       147       155       448       626        13       204         1
       422       449       140        38       650       674         1
         2       449       436       674         0       219         1
       341       450        91       511       147       514         1
       108        44       451         0       119        57         1
       117        12       452         0       137        80         1
       207       374         3         2
       409        33         4         2
       277         8         5         4
       394        31        11         4
       258        16        14         2
       376        37        18         4
       260       107        22         2
       344        28        26         4
       262        45        27         2
       232        22        40         4
       135        43        41         2
       278        92        46         2
       279        83        47         2
       432        51        49         4
       388        52        52         4
       421       127        54         2
       391        64        64         4
        71       232        70         4
       200        41        74         4
       293        78        78         2
       272        85        85         2
       450        20        93         4
       360        74        94         4
        32       302        96         4
        97       289       103         2
       267        87       111         2
       357        48       113         4
       323        18       114         4
       451        58       119         4
       325       106       120         2
       255        56       121         4
       257       110       126         2
       287        63       127         4
       307        19       132         4
       318        69       134         4
       452        82       137         4
       334        30       140         2
        28       285       152         4
       342        24       154         2
       345        23       156         2
       368        73       160         4
       133        21       162         2
       413        36       164         4
       415        42       165         4
       242        26       168         4
        26       216       170         4
       428       162       174         2
       430       128       178         2
        27       135       181         2
       412        77       182         4
       128         7       189         2
        73       170       190         4
       434        60       197         2
        93        11       199         2
        76       380       209         2
         2       233       219         3
        43       428       220         2
       186       361       222         2
       354       137       226         2
        83       334       231         2
        88        14       233         2
       139        59       252         2
        54       230       256         4
       361        29       262         2
       313       111       267         2
       289        61       273         2
        19       235       275         4
        69       231       277         4
        50       129       284         2
        22       200       285         4
         7       143       287         2
       374         6       296         2
        95        38       301         2
        59       430       306         2
        21       421       307         2
        51       217       310         4
        33       139       311         2
        10       219       313         4
        42       222       318         4
       217        34       341         4
       219        55       345         4
       222        71       347         4
       244        76       350         2
       137       244       352         2
        40       131       365         2
        41       242       367         4
        18       255       371         4
       131       258       375         2
        23       257       376         2
       231        17       377         4
        38       260       379         2
        16       354       381         2
       167       262       383         2
       265       186       385         2
        45       265       388         2
        30       267       391         2
       170         5       392         4
        49        88       394         2
       270        67       396         4
         4       213       398         1
        24       272       399         2
       177         4       400         4
       275        50       402         2
       106       275       404         2
        46       277       405         4
        14       279       408         2
        11       278       410         2
        85        53       411         2
        56       376       416         4
       285        72       420         4
        62       287       421         4
       110        65       425         2
        29        97       429         2
       202        80       431         4
       203       293       433         2
       296       207       435         2
        78       296       438         2
         8       357       441         4
        87        13       446         2
       302        47       449         4
       304        25       452         2
        25       188       453         2
        81       307       455         4
       209        81       458         4
        92        49       459         2
         6        95       462         2
        67       229       463         4
        61       313       465         2
       111       345       466         2
        72       234       467         4
         9       325       471         2
       316         9       473         2
        68       318       474         4
       212        68       477         4
         1       167       480         2
       213         1       481         1
       322        32       482         4
        53       184       485         2
        58       177       488         4
       327        62       489         4
        65       197       491         2
       330        79       495         2
        79       205       496         2
        80       209       498         4
        82       202       500         4
       335        46       501         4
        13       195       504         2
        74       212       505         4
        39        93       510         2
        47       450       514         4
        63       344       517         4
       407        15       522         4
       216        70       523         4
       348        54       525         4
       107       342       533         2
       230        35       542         4
        20       360       545         4
       188       363       550         2
       235        66       552         4
       367        27       556         2
       236       367       557         2
        75       371       562         2
       371       203       563         2
       205       373       566         2
       234        44       570         4
       229        12       574         4
       197       304       587         2
       184       316       589         2
        35       388       591         4
        52       323       592         4
        17       391       596         4
        64       327       597         4
       195       330       598         2
        66       394       601         4
        31       335       602         4
         5       348       603         4
        48       322       607         4
       363        39       613         2
       373        75       619         2
        37       270       621         4
       406        10       625         4
       129       409       629         2
        36       412       630         4
        57       415       636         4
        34       368       640         4
        60       133       643         2
         3       237       646         4
       233         3       647         3
       162       436       648         2
       127        40       655         2
       237        57       663         4
        15       432       666         4
        55       413       676         4
       143       434       685         2
       380       236       693         2
        70       406       694         4
        77       407       696         4
       436         2       699         2
        44       451       701         4
        12       452       702         4
   0.000000000000000       0.000000000000000    
   22.00000000000000       0.000000000000000    
   22.00000000000000      0.5000000000000000    
   0.000000000000000      0.5000000000000000    
   14.00000000000000      0.5000000000000000    
   11.00000000000000       0.000000000000000    
   16.50000000000000       0.000000000000000    
   7.000000000000000      0.5000000000000000    
   13.75000000000000       0.000000000000000    
   18.00000000000000      0.5000000000000000    
   5.500000000000000       0.000000000000000    
   10.50000000000000      0.5000000000000000    
   8.250000000000000       0.000000000000000    
   6.875000000000000       0.000000000000000    
   16.00000000000000      0.5000000000000000    
   19.25000000000000       0.000000000000000    
   3.500000000000000      0.5000000000000000    
   12.25000000000000      0.5000000000000000    
   8.750000000000000      0.5000000000000000    
   5.250000000000000      0.5000000000000000    
   17.87500000000000       0.000000000000000    
   20.00000000000000      0.5000000000000000    
   2.750000000000000       0.000000000000000    
   12.37500000000000       0.000000000000000    
   4.125000000000000       0.000000000000000    
   19.00000000000000      0.5000000000000000    
   20.62500000000000       0.000000000000000    
   1.750000000000000      0.5000000000000000    
   1.375000000000000       0.000000000000000    
   7.562500000000000       0.000000000000000    
   7.875000000000000      0.5000000000000000    
   6.125000000000000      0.5000000000000000    
   15.12500000000000       0.000000000000000    
   15.00000000000000      0.5000000000000000    
   13.12500000000000      0.5000000000000000    
   17.00000000000000      0.5000000000000000    
   11.37500000000000      0.5000000000000000    
   11.68750000000000       0.000000000000000    
   4.812500000000000       0.000000000000000    
   18.56250000000000       0.000000000000000    
   19.50000000000000      0.5000000000000000    
   21.00000000000000      0.5000000000000000    
   21.31250000000000       0.000000000000000    
  0.8750000000000000      0.5000000000000000    
  0.6875000000000000       0.000000000000000    
   7.437500000000000      0.5000000000000000    
   5.687500000000000      0.5000000000000000    
   6.562500000000000      0.5000000000000000    
   6.187500000000000       0.000000000000000    
   14.43750000000000       0.000000000000000    
   15.50000000000000      0.5000000000000000    
   12.68750000000000      0.5000000000000000    
   13.06250000000000       0.000000000000000    
   13.56250000000000      0.5000000000000000    
   17.50000000000000      0.5000000000000000    
   11.81250000000000      0.5000000000000000    
   21.50000000000000      0.5000000000000000    
  0.4375000000000000      0.5000000000000000    
   15.81250000000000       0.000000000000000    
   17.18750000000000       0.000000000000000    
   2.062500000000000       0.000000000000000    
   2.625000000000000      0.5000000000000000    
   2.187500000000000      0.5000000000000000    
   3.062500000000000      0.5000000000000000    
   3.437500000000000       0.000000000000000    
   8.312500000000000      0.5000000000000000    
   10.93750000000000      0.5000000000000000    
   4.375000000000000      0.5000000000000000    
   3.937500000000000      0.5000000000000000    
   18.50000000000000      0.5000000000000000    
   20.50000000000000      0.5000000000000000    
   1.312500000000000      0.5000000000000000    
   14.50000000000000      0.5000000000000000    
   4.812500000000000      0.5000000000000000    
   9.625000000000000       0.000000000000000    
   19.93750000000000       0.000000000000000    
   16.50000000000000      0.5000000000000000    
   10.31250000000000       0.000000000000000    
   8.937500000000000       0.000000000000000    
   9.625000000000000      0.5000000000000000    
   9.187500000000000      0.5000000000000000    
   10.06250000000000      0.5000000000000000    
   7.218750000000000       0.000000000000000    
   12.46875000000000      0.2890625000000000    
   12.71875000000000       0.000000000000000    
   10.71875000000000      0.2187500000000000    
   7.906250000000000       0.000000000000000    
   6.531250000000000       0.000000000000000    
   3.718750000000000      0.2187500000000000    
   9.406250000000000      0.2500000000000000    
   5.468750000000000      0.2968750000000000    
   5.843750000000000       0.000000000000000    
   5.156250000000000       0.000000000000000    
   11.59375000000000      0.2890625000000000    
   11.34375000000000       0.000000000000000    
   1.968750000000000      0.2890625000000000    
   1.718750000000000       0.000000000000000    
   13.34375000000000      0.2187500000000000    
   4.593750000000000      0.2500000000000000    
   1.093750000000000      0.2187500000000000    
  0.2187500000000000      0.2500000000000000    
   7.656250000000000      0.2890625000000000    
   6.781250000000000      0.2890625000000000    
   12.90625000000000      0.2734375000000000    
   13.78125000000000      0.2968750000000000    
   14.09375000000000       0.000000000000000    
   12.03125000000000       0.000000000000000    
  0.6562500000000000      0.2968750000000000    
   2.843750000000000      0.2890625000000000    
   3.093750000000000       0.000000000000000    
   2.406250000000000       0.000000000000000    
   3.281250000000000      0.2734375000000000    
   8.531250000000000      0.2187500000000000    
   8.968750000000000      0.2968750000000000    
   4.156250000000000      0.2968750000000000    
   9.843750000000000      0.2500000000000000    
   10.28125000000000      0.2968750000000000    
   7.218750000000000      0.2978515625000000    
   8.093750000000000      0.2734375000000000    
   6.343750000000000      0.2734375000000000    
   5.031250000000000      0.2822265625000000    
   5.906250000000000      0.2939453125000000    
   11.15625000000000      0.2734375000000000    
   1.531250000000000      0.2734375000000000    
   12.03125000000000      0.2978515625000000    
   2.406250000000000      0.2978515625000000    
   18.21875000000000       0.000000000000000    
   16.15625000000000       0.000000000000000    
   14.78125000000000       0.000000000000000    
   20.25000000000000      0.2148437500000000    
   18.90625000000000       0.000000000000000    
   17.25000000000000      0.3085937500000000    
   17.53125000000000       0.000000000000000    
   21.25000000000000      0.3085937500000000    
   20.96875000000000       0.000000000000000    
   19.25000000000000      0.3125000000000000    
   19.59375000000000       0.000000000000000    
   15.25000000000000      0.2968750000000000    
   15.46875000000000       0.000000000000000    
   21.75000000000000      0.2500000000000000    
   15.75000000000000      0.3085937500000000    
   17.75000000000000      0.2968750000000000    
   16.84375000000000       0.000000000000000    
   20.75000000000000      0.2968750000000000    
   14.25000000000000      0.2880859375000000    
   18.25000000000000      0.3115234375000000    
   16.25000000000000      0.3037109375000000    
   14.75000000000000      0.3115234375000000    
   18.75000000000000      0.2880859375000000    
   19.75000000000000      0.2880859375000000    
   16.75000000000000      0.3037109375000000    
   5.328125000000000      0.1319901315789474    
   18.49577302264614      0.2455653778307675    
   10.94140625000000      0.2148437500000000    
   16.49423027038574      0.2500000000000000    
   14.99777700143748      0.2283208678158002    
   19.99938957349256      0.2472976654592338    
   2.623140147137601      0.2008776887661832    
   19.07812500000000      0.1562500000000000    
   3.503906250000000      0.2773437500000000    
   9.625000000000000      0.2207031250000000    
   21.65625000000000       0.000000000000000    
   21.49123012160898      0.2044605793966324    
   1.316406250000000      0.2148437500000000    
   11.85937500000000      0.1489257812500000    
   19.42187500000000      0.1562500000000000    
  0.3437500000000000       0.000000000000000    
  0.4446504237288136      0.2067002118644068    
   7.435640147137603      0.2008776887661832    
   14.25000000000000      0.5000000000000000    
   6.564550392181275      0.2238390189243028    
   13.12890625000000      0.2773437500000000    
   17.49416064771668      0.2486584779822927    
   12.24814014713760      0.2008776887661832    
   4.815642406618609      0.2234527307912844    
   21.14062500000000      0.1258158623417721    
  0.2187500000000000      0.5000000000000000    
   14.01444280227559      0.2294299234479866    
   5.671875000000000      0.1681743421052632    
   7.046875000000000      0.1489257812500000    
   15.49620627572016      0.2492605452674897    
   12.68544960781872      0.2238390189243028    
   13.55907978110599      0.2769657258064516    
   13.40625000000000       0.000000000000000    
   18.00222299856253      0.2283208678158002    
   1.031250000000000       0.000000000000000    
   17.01562500000000      0.1954361155063291    
   4.468750000000000       0.000000000000000    
   4.367849576271186      0.2067002118644068    
   2.189359852862398      0.2008776887661832    
   3.060449607818725      0.2238390189243028    
   8.316406250000000      0.2773437500000000    
   1.752050392181275      0.2238390189243028    
   8.746579781105991      0.2769657258064516    
   8.593750000000000       0.000000000000000    
   3.934079781105991      0.2769657258064516    
   3.781250000000000       0.000000000000000    
   20.50153808593750      0.2464843750000000    
   14.60937500000000      0.1400877375587774    
   19.75000000000000      0.5000000000000000    
   16.67187500000000      0.1132702597467846    
   9.843750000000000      0.5000000000000000    
   9.968750000000000       0.000000000000000    
   10.06965042372881      0.2067002118644068    
   9.281250000000000       0.000000000000000    
   9.180349576271187      0.2067002118644068    
   10.65625000000000       0.000000000000000    
   7.872949607818724      0.2238390189243028    
   9.406250000000000      0.5000000000000000    
   6.121958856997281      0.2188136888586956    
   11.37705039218128      0.2238390189243028    
   4.593750000000000      0.5000000000000000    
   0.000000000000000      0.2500000000000000    
   15.99910819700070      0.2148317166211681    
   17.70312500000000      0.1023848684210526    
   18.75000000000000      0.5000000000000000    
   15.25000000000000      0.5000000000000000    
   15.29687500000000      0.1023848684210526    
   17.75000000000000      0.5000000000000000    
   20.79687500000000      0.1023848684210526    
   20.95985750001785      0.2445599130731784    
   20.75000000000000      0.5000000000000000    
   16.32812500000000      0.1132702597467846    
   18.94835122752903      0.3075088017111434    
   19.55164877247097      0.3075088017111434    
  0.8784202188940092      0.2769657258064516    
   14.46168339860944      0.2917805261508408    
   10.50342021889401      0.2769657258064516    
   10.71875000000000      0.5000000000000000    
   13.34375000000000      0.5000000000000000    
   3.718750000000000      0.5000000000000000    
   20.25000000000000      0.5000000000000000    
   22.00000000000000      0.2500000000000000    
   1.093750000000000      0.5000000000000000    
   8.531250000000000      0.5000000000000000    
   20.28125000000000       0.000000000000000    
   21.75000000000000      0.5000000000000000    
   15.12500000000000      0.3984375000000000    
   15.14914528626029      0.1696736712796013    
   17.62500000000000      0.3984375000000000    
   20.62500000000000      0.3984375000000000    
   19.25000000000000      0.5000000000000000    
   19.63758942075364      0.1626385371548046    
   19.76562500000000       0.000000000000000    
   17.85085471373971      0.1696736712796011    
   20.64394575952560      0.1636524644045115    
   15.37500000000000      0.3984375000000000    
   17.87500000000000      0.3984375000000000    
   20.87500000000000      0.3984375000000000    
   18.86241057924636      0.1626385371548046    
   18.69054531576551      0.1217219496754998    
   19.40182509221593      0.3704832103787665    
   19.09817490778408      0.3704832103787665    
   12.18506435930456      0.3508368127271888    
   12.03125000000000      0.5000000000000000    
   2.770125856925300      0.1532066477539569    
   2.921875000000000       0.000000000000000    
   19.07812500000000       0.000000000000000    
   3.641690340909090      0.3593750000000000    
   11.85937500000000       0.000000000000000    
   19.26491477272728      0.1562500000000000    
  0.5156250000000000       0.000000000000000    
  0.6015625000000000      0.1410361842105263    
  0.7703439957856457      0.1471795028026391    
  0.8593750000000000       0.000000000000000    
   7.582625856925299      0.1532066477539569    
   7.734375000000000       0.000000000000000    
   14.12500000000000      0.3940429687500000    
   6.427463767901998      0.1298367622756561    
   11.15625000000000      0.5000000000000000    
   12.39512585692530      0.1532066477539571    
   12.54687500000000       0.000000000000000    
  0.1093750000000000      0.3750000000000000    
   14.15905513185241      0.1509961175758125    
   14.26562500000000       0.000000000000000    
   7.372564359304562      0.3508368127271885    
   7.218750000000000      0.5000000000000000    
   5.671875000000000       0.000000000000000    
   7.046875000000000       0.000000000000000    
   5.519368489583333      0.1521210252192982    
   12.82253623209800      0.1298367622756561    
   11.69690817936065      0.1627852541169683    
   11.79202472419574      0.3185997105454320    
   11.52433777766172      0.1270838732318491    
   1.531250000000000      0.5000000000000000    
   2.560064359304562      0.3508368127271885    
   2.406250000000000      0.5000000000000000    
   2.042374143074700      0.1532066477539569    
   1.890625000000000       0.000000000000000    
   3.197536232098001      0.1298367622756563    
   1.614963767901999      0.1298367622756562    
   9.734375000000000      0.3750000000000000    
   10.14062500000000       0.000000000000000    
   10.22656250000000      0.1410361842105263    
   10.39534399578565      0.1471795028026391    
   10.48437500000000       0.000000000000000    
   6.884408179360652      0.1627852541169683    
   6.979524724195735      0.3185997105454319    
   6.711837777661724      0.1270838732318501    
   10.58180944440292      0.1395723015991656    
   8.010036232098001      0.1298367622756561    
   5.906250000000000      0.5000000000000000    
   4.056783847868338      0.1572628844349118    
   3.953125000000000       0.000000000000000    
   4.219851694991351      0.1345705113303721    
   9.118511038699715      0.3549448429387664    
   8.968750000000000      0.5000000000000000    
   9.296875000000000      0.3750000000000000    
   5.969033998127654      0.1269787164487713    
   11.23996376790200      0.1298367622756561    
   10.83251953125000      0.3559570312500000    
   2.342712193735496      0.1489257812500000    
   2.234375000000000       0.000000000000000    
   1.207519531250000      0.3559570312500000    
   13.68178384786834      0.1572628844349118    
   13.57812500000000       0.000000000000000    
   4.306011038699717      0.3549448429387664    
   4.156250000000000      0.5000000000000000    
   4.484375000000000      0.3750000000000000    
  0.9568094444029208      0.1395723015991655    
  0.1093750000000000      0.1250000000000000    
   6.343750000000000      0.5000000000000000    
   12.46875000000000      0.5000000000000000    
   13.19970703125000      0.1137695312500000    
   13.92187500000000       0.000000000000000    
  0.3552587525510937      0.3512579665177931    
   2.843750000000000      0.5000000000000000    
   3.574707031250000      0.1137695312500000    
   8.869283847868338      0.1572628844349118    
   8.765625000000000       0.000000000000000    
   9.032351694991354      0.1345705113303714    
   9.532366071428573      0.3603515625000000    
   9.980258752551094      0.3512579665177932    
   7.390625000000000       0.000000000000000    
   7.656250000000000      0.5000000000000000    
   8.387207031250000      0.1137695312500000    
   4.719522701970953      0.3606520107754160    
   5.161468235499058      0.1711061329589252    
   4.982954517955916      0.9377137113884008E-01
   5.282720126860514      0.3131241907613044    
   5.635967227507113      0.3361458703769559    
   12.20312500000000       0.000000000000000    
   2.121046682484220      0.3500198755719203    
   1.968750000000000      0.5000000000000000    
   2.578125000000000       0.000000000000000    
   2.492220364159156      0.1247331878119833    
   18.62500000000000      0.3940429687500000    
   13.78125000000000      0.5000000000000000    
   14.37500000000000      0.4153672799355059    
   11.01764112903226      0.3584929435483871    
   3.394657258064516      0.1568800403225807    
   1.392641129032258      0.3584929435483871    
   12.00983290238814      0.1489257812500000    
   19.42187500000000       0.000000000000000    
  0.3151382183473890      0.1419441091736945    
   7.282287806264506      0.1489257812500000    
   6.781250000000000      0.5000000000000000    
   13.01965725806452      0.1568800403225807    
   13.26669034090909      0.3593750000000000    
   5.031250000000000      0.5000000000000000    
   1.203125000000000       0.000000000000000    
   4.497361781652612      0.1419441091736943    
   4.640625000000000       0.000000000000000    
   8.207157258064516      0.1568800403225807    
   8.454190340909092      0.3593750000000000    
   1.828482517183241      0.3624946011529911    
   20.45312500000000       0.000000000000000    
   14.75000000000000      0.5000000000000000    
   19.87500000000000      0.3940429687500000    
   9.940138218347389      0.1419441091736943    
   9.796875000000000       0.000000000000000    
   9.309861781652611      0.1419441091736943    
   9.453125000000000       0.000000000000000    
   10.82812500000000       0.000000000000000    
   6.258845587665953      0.1405926999051690    
   11.59375000000000      0.5000000000000000    
   1.016234450808898      0.3593750000000000    
   14.35822356384692      0.1534630509825725    
   10.64123445080890      0.3593750000000000    
   20.10937500000000       0.000000000000000    
   2.923774842015304      0.1536378441329554    
   7.736274842015303      0.1536378441329556    
   12.54877484201530      0.1536378441329559    
   1.888725157984696      0.1536378441329555    
   6.205172569913343      0.3585233002611593    
   3.855690555597079      0.1395723015991655    
   13.48069055559708      0.1395723015991655    
   12.90625000000000      0.5000000000000000    
   12.60901748281676      0.3624946011529910    
   13.86674852295658      0.1556308792952220    
   3.281250000000000      0.5000000000000000    
   2.984017482816759      0.3624946011529912    
   8.668190555597079      0.1395723015991655    
   8.093750000000000      0.5000000000000000    
   7.796517482816759      0.3624946011529910    
   13.92596630481471      0.3603776332764681    
   6.479456399252304      0.3612953300322585    
   6.640982517183240      0.3624946011529910    
   4.893517999527762      0.3626291193406680    
   4.693030583827007      0.1392205782175638    
   14.60090147253380      0.3737968325772154    
   9.747321300801374      0.1386858498497424    
   9.502678699198624      0.1386858498497424    
   11.29195639925230      0.3612953300322585    
   11.45348251718324      0.3624946011529910    
   18.25000000000000      0.5000000000000000    
   16.25000000000000      0.5000000000000000    
   14.83799152131179      0.1630210563110576    
   14.95312500000000       0.000000000000000    
   16.92100307662766      0.3432644855824270    
   17.08877389985740      0.3569811523647678    
   16.75000000000000      0.5000000000000000    
   17.25000000000000      0.5000000000000000    
   21.41298621275196      0.3546822297729479    
   21.25000000000000      0.5000000000000000    
   20.12500000000000      0.3733461460772401    
   14.90578915801483      0.3649222138184104    
   17.33574410963123      0.1306018654544351    
   17.17571283967170      0.1631586469572974    
   21.87500000000000      0.3750000000000000    
   18.04687500000000       0.000000000000000    
   21.63404725798322      0.1509041532562940    
   20.37500000000000      0.3724791434218957    
   18.16200847868821      0.1630210563110575    
   18.34587166006153      0.1356316135147443    
   16.15763175570865      0.1658983994637285    
   15.65807217858978      0.1293494681321082    
   21.48437500000000       0.000000000000000    
   21.62500000000000      0.3750000000000000    
   15.98437500000000       0.000000000000000    
   15.91068048574052      0.3576937915838052    
   15.75000000000000      0.5000000000000000    
   16.60201344505390      0.3725790604604370    
   17.01562500000000       0.000000000000000    
   19.85574898303825      0.1518524763545567    
   21.82812500000000       0.000000000000000    
   21.33081839859313      0.1643360443353192    
   17.39614864229958      0.3766741585270742    
   21.08753950965314      0.3553688876081834    
   15.60109346583453      0.3730720140491844    
   18.09421084198517      0.3649222138184109    
   16.84961663996799      0.1681358463606973    
   16.08988615998162      0.3571333640499743    
   15.83848699374987      0.1658891775316200    
   20.38705095576405      0.1409745968132846    
   20.11423066566585      0.1502663483823554    
   18.39861980027132      0.3744318282346732    
   16.39422124451763      0.3773746797126206    
   21.87500000000000      0.1518554687500000    
   5.468750000000000      0.5000000000000000    
  0.6562500000000000      0.5000000000000000    
   10.28125000000000      0.5000000000000000    
