         237           3         339           2         133
        11        91       152       198       199        48         1
       146       153        70       192        39       200         1
       207       154        86        99        86       296         1
        77       147       155       204       196        13         1
       118        46         8         0       250        45         1
       129       156       148        32        72       191         1
       125       174        18       239       121       240         1
       157        22       150       285       208        25         1
       109       158        23       156       270       210         1
        12       228       229       330         0        80         1
        66        31       119       295        65         0         1
        25       196       197       279         0        90         1
        77        15       147       305         4         0         1
        16       159       131       193         0       213         1
       231       160        89       128       334        23         1
       230        35       172        33       236         0         1
        75       116       161       216       217       290         1
        56        37        94       302       153         0         1
       151       187        36       261       182       263         1
       163        57       134       165       220       218         1
        29       124       164       221       262       151         1
       165        38       107         0       224        55         1
       231        17       160       214        15         0         1
       166       136        16       213       226       194         1
       232        22       157         8        40         0         1
        63        28        96       274       155         0         1
        45       168       167       229         0       109         1
        87        13       119       271        87         0         1
       102       169        30       140       297       230         1
       170         5       145       245       232         0         1
        88       171       120       114       143       233         1
        34       148       156         6       207       160         1
       104       172        35        16        52       235         1
       211        37       123       150        97       302         1
       173       132        60        58       166       238         1
        24        84       174       239       154       255         1
        39       175        99       145        61       241         1
       140       233         3         0       339       331         1
       146        70        10         0       258         2         1
       232       157       130       209       335        25         1
       135        43       176       243       314         0         1
        44       226       234       326         0        57         1
       101       177         4         0       303       246         1
       145       178       106       120       185       245         1
       118       169        46       230         5       231         1
        92       179        11        48         0       248         1
       180        14        83         0       251        82         1
       179        91        11         1        46       147         1
        51       141        15       188         0       253         1
       181       138       218       175       312       177         1
        85       104       182       254        85        81         1
        52       104        35        33         0       254         1
       105        54       183       256       104       118         1
       185        21       127         0       158       307         1
        38       165        94       153       100        22         1
       163       162       140       219       218       174         1
       108       226        44        42       119       325         1
        60       132       187       261       197        35         1
       193        28       124       152        66       274         1
       126       158        62       210       127       211         1
        39        99       188       264         0        37         1
        61       190        96       155       103       267         1
       110       112       191       269       126       123         1
        64       112        17       214         0       269         1
        66       119       192       271        77        11         1
        97       193       124        59       151       273         1
       114        19       194       275       130       132         1
       115        69       196       277        90       134         1
       149        40       131         0       321       201         1
       232       198        71       161         0       335         1
         9       183       184       257         0       104         1
       148       199       129       284         6       328         1
       121        39        93         0       146       241         1
       200        41       225       323       172         0         1
       151       201       143       287       263       286         1
       116       202        80         0       216       289         1
       192       235        66         0        65       272         1
        78       204       203       291         0       135         1
        75        90       205       292         0       217         1
       117       228        12        10       137       329         1
        85        53       104       235        51         0         1
       180       103        14        88        47       139         1
        52        18        84       239       115         0         1
       207       228        78       329         0        86         1
        24        85       182        51       255         0         1
       228       207        86         3       330        84         1
        87       119       208       295       111        28         1
       171        14       103        82       234       233         1
       210        32       122        96        95       300         1
       196        25       115       266        68        12         1
       206        81       114       132       294       293         1
       209        81        90       293       299         0         1
        47        20        91       198       147         0         1
        20        74       121       242        98         0         1
        92       210       122        89       248       148         1
       122        32        47         0       249        89         1
        95       211       123        34       149       301         1
       152        20       121        94       146       198         1
        67        86       154         3       203       332         1
        94       211        38       301        55       302         1
       190       111       126       211       268       267         1
        72       100       164       222       221       337         1
        96       193        61       273        62       274         1
       183         9       105       247        53        71         1
       189        68       115       134       266       265         1
       212        68        99       265       304         0         1
       186       226        45       325         0       108         1
       226       186       100       222       326       107         1
       108       168        45        27       325       227         1
       213         1       101       228       303         0         1
       208        30        87         0        87       297         1
        31        46       102       230       141         0         1
         8        48       103       234       139         0         1
        48       120       171        31       234       144         1
        52        84       182       255       254        83         1
       172        53        98       259       236       235         1
       227        50       199       284       328       327         1
         5        54       105        53       184         0         1
        44        58       108       227        57         0         1
         9       106       178        44       247         0         1
        56       125        18         7         0       223         1
       168        58       101       246       229       227         1
       110        65       112       215        63         0         1
        64        62       109       210       125         0         1
        64       109       191       270       269       124         1
        23       110       191        63       270         0         1
        63       126        62        60         0       268         1
       160        65        89       281        15       215         1
        79       194       195       276         0       130         1
       194        79       114       294        67       129         1
        79       205       206       292       294         0         1
        81        19       114        67        91         0         1
        25       188       189       264       266         0         1
        68        69       115        68       105         0         1
       117       204        78        78       329       288         1
       161        80        90       299       217       216         1
        12        82       117       288        80         0         1
       204        82       116       289       291       288         1
       180         8       103       113        82       250         1
        83        30       169        29       231         0         1
        31       102       208       297       295       112         1
       192        13       113       278       272       271         1
        88       120        49       298         0        31         1
        48        32       120       300       114         0         1
        74        99       175        37       242       304         1
       121        93       152       199        98        73         1
       179        47        91        93        48       249         1
       210        92        49         0       298        95         1
        95       123         6       202         0        97         1
        37        67       123       203        34         0         1
        97       124        29        21         0        66         1
        28        72       124       221        59         0         1
       165        56        94        18        55       223         1
       107        24       174        36       240         0         1
       190        63        96        26        62       268         1
       111        23       158         9       211         0         1
        27       198       236       280         0       282         1
       127       146       185       258        54       200         1
       128       147       214       305       178       320         1
        73       148        34        32         0       283         1
        71       198       144       315       183        70         1
       133        21       215       307       237         0         1
        70       149       216       309         0       192         1
        55        36       132       261       238         0         1
        57        42       134       244        20         0         1
        60       133       173       237        35         0         1
       221       220       135       181       314       169         1
        41        26       136       212       323         0         1
       221       144       220       315       167       317         1
       216       224        26       212         0       309         1
        59       141       181       253       252       306         1
       200       225       150       225       285        74         1
       217        34       138       207       310         0         1
       162       163        43       220         0        56         1
       156       218       138        50       207       206         1
       237        57       140       218       339         0         1
       181        51       138       310        50       253         1
       214        59       128         0       159       306         1
       219        55       142       180       313         0         1
       142        55       173       238       308       179         1
       135       220        27       282         0       167         1
        77       151        36        19         0       196         1
       222        71       144       161       318         0         1
       178         5       105       118       247       245         1
        50       145       106        44         0       327         1
        10       142       185       260       258       313         1
       153       127        40         0       201       200         1
       214        15       141        49       306       305         1
         7       223       128       320         0       319         1
       170       227        73       283         0       232         1
       156       129        33         0       206         6         1
       149        70       153         2       201       163         1
       224       131       159        14       322       321         1
       225       136       166        24       324       323         1
        76       150       137       225         0       208         1
       151        77       155         4       286       182         1
       187       143        60         0        58       263         1
       152        91        20        93        98         1         1
        93        11       152         1       146         0         1
       127       153       146         2       158       187         1
       149       153        40       187        69       192         1
         6       123       154       203       296       149         1
        67       154       123       202       150        99         1
       223       155       147         4       320       319         1
       155         7       201       287       286       319         1
       218       156        33       191       311       175         1
        34       156       138       175       173        32         1
       150        76       157       209         8       195         1
        76       130       157        40       208       336         1
        62       158       109         9       124        60         1
       111       158       126        60       101       156         1
       224       136        26       168       170       322         1
        16       136       159       322        14        24         1
        17       112       160       215        23        64         1
        65       160       112       214       123       128         1
        80       161       116        17        76       136         1
        90        75       161        17       136        79         1
        57       163       140        56       176        20         1
         2       140       162        56         0       331         1
        43       163       134        20       243       174         1
        72       164       124        21       152       102         1
       186       164       100       102       108       262         1
        56       165       125       224       121       153         1
       107       125       165       223        22       240         1
       150       225       137       324       195       172         1
        16       137       166       324        24         0         1
        58       168       108       109       119       122         1
       101         1       167         0       229       110         1
       101       167       168        27       122       228         1
        46       169       102        29       112        45         1
        83       169       118        45       251       140         1
       227       170       145        30       327       190         1
        14       171        88        31         0        88         1
        48       171       103        88       113       114         1
        53       172       104        33        81       116         1
       230       172        98       116       333        16         1
       173       133       215       162       308       166         1
        55       132       173        35       180       164         1
        18       174        84        36        83         7         1
       107       174       125         7       224       154         1
        39       121       175       242        37        73         1
        74       175       121       241        94       145         1
        43       134       176       316        41       220         1
       221       134        42       165       317       316         1
         5       178       145        44        30       184         1
       101        58       177         0        43       122         1
         9       178       105       184       104       120         1
        92       122       179       249        46        95         1
        47       179       122       248        96       147         1
         8       180       118       251         5       139         1
        83       118       180       250        47       231         1
        59       181       139       312         0       171         1
       141        51       181       177       171        49         1
        52       182       104        51        52       115         1
        24       182        84       115        36        85         1
       230       183        54        53         0       333         1
       183        98       184       259        71       333         1
        10       185       146       158        39       186         1
        98        53       184         0       257       116         1
       215       185       142       186       308       307         1
        36       187       132        58       164        19         1
       164       186        29         0        21       222         1
       151       143       187       197        19        75         1
       189       188        99        61       265       133         1
        68       189        99       264       106       105         1
        25       189       115       105        90       133         1
       111       190        61        62         0       101         1
        63       190       126       101       127       155         1
        64       191       112        63        64       125         1
        23       191       109       125         9       126         1
        13       192       119        65        28       142         1
       235       192       113       142       338        77         1
        61       193        97        66         0       103         1
        28       193        96       103        26        59         1
       235       194        19        67         0       338         1
       194       113       195       278       129       338         1
       231       196        69        68         0       334         1
       113        13       195         0       276       142         1
       196        89       197       281        12       334         1
       236       198       130       335       336       157         1
        89        65       197         0       279       128         1
       220       198        27       157       181       315         1
       227       148        73       160       190       328         1
        50       129       199        72       117         0         1
       150        22       200         0       172         8         1
       155       201       151        75       196       205         1
         7       143       201        75       205         0         1
        82       204       117       135       137       138         1
       116        82       202         0        76       138         1
       116        75       203         0       291        17         1
       116       203       204        78       138       290         1
       206       205        90        79       293       131         1
        81       206        90       292        92        91         1
        79       206       114        91       130       131         1
        31       208       119        87        11       141         1
       154       207         6         0       202         3         1
        30       208       102       141        29       111         1
        49       120       210       300       148       143         1
        90        80       209         0        92       136         1
        32       210       120       298       144        89         1
        38       211        95        97         0       100         1
        37       211        94       100        18        34         1
       101         4       213         0       110        43         1
        99        74       212         0       106       145         1
        15       214       147       159        13       188         1
        59       214       141       188       171       178         1
       185       215        21       162        54       260         1
       173       215       142       260       180       237         1
       224       216       149       163       321       170         1
       138        51       217         0       173       177         1
        33       139       218       312       206         0         1
       181       218       139       311       252        50         1
       142        10       219         0       179       186         1
       221       135       176        41       316       167         1
       198       220       144       169       161       282         1
       134       221       176       314       243       244         1
        42       144       221       169       244       318         1
       144        42       222         0       183       317         1
       155       223         7       189       205       204         1
       147       128       223       189       204       159         1
       131       224       149       309        69       193         1
       136       224       159       193       213       212         1
       136       225        41        74       168       194         1
       137       225       166       194       226       225         1
        45       226       108        57       109       107         1
       234       226       100       108       337        42         1
        50       227       145       232       185       117         1
       148       227       199       117        72       283         1
        78       228       117        80       135        84         1
       229       228        86        86       332        10         1
       140         2       233         0        38       219         1
        86        67       229         0       330        99         1
       183       230        98       236       257       256         1
       196       231        89        15       279       277         1
       198       232       130        40       280        70         1
       130        76       236         0       280       209         1
       100        72       234         0       326       102         1
       194       235       113       272       276       275         1
       140         3       237         0       176        38         1
        46         8         5         4
       229        12        10         4
        66        31        11         4
       197        25        12         2
        77        15        13         4
       131        16        14         2
       230        35        16         4
        56        37        18         4
        38       107        22         2
       231        17        23         4
       232        22        25         4
        63        28        26         4
       167        45        27         2
        87        13        28         2
       170         5        30         4
       233         3        38         3
        70        10        39         4
       135        43        41         2
       234        44        42         4
       177         4        43         4
        11        92        46         2
        14        83        47         2
        15        51        49         4
        35        52        52         4
        21       127        54         2
       188        39        61         2
        17        64        64         4
        40       131        69         2
        71       232        70         4
       184         9        71         2
        39        93        73         2
       200        41        74         4
       202        80        76         4
       235        66        77         4
       203        78        78         2
       205        75        79         2
        85        53        81         2
        52        18        83         4
        78       207        84         2
        24        85        85         2
       209        81        92         4
        47        20        93         4
        20        74        94         4
        32        47        96         4
       212        68       106         4
        45       186       107         2
       213         1       110         1
        30        87       111         2
        31        46       112         4
         8        48       113         4
         5        54       118         4
        44        58       119         4
         9       106       120         2
        18        56       121         4
       110        65       123         2
        64        62       124         4
        23       110       126         2
        62        63       127         4
       195        79       129         2
        79       205       131         2
        81        19       132         4
        25       188       133         2
        68        69       134         4
        12        82       137         4
        83        30       140         2
        49        88       143         2
        48        32       144         4
        92        49       148         2
         6        95       149         2
        37        67       150         4
        29        97       151         2
        28        72       152         4
       107        24       154         2
       111        23       156         2
       236        27       157         2
        34        73       160         4
       133        21       162         2
       216        70       163         4
        55        36       164         4
        57        42       165         4
        60       133       166         2
        41        26       168         4
        26       216       170         4
       217        34       173         4
        43       162       174         2
       237        57       176         4
        59       128       178         2
       219        55       179         4
        27       135       181         2
        36        77       182         4
       222        71       183         4
       106        50       185         2
       127        40       187         2
       128         7       189         2
        73       170       190         4
       129        33       191         2
       137        76       195         2
       143        60       197         2
        93        11       199         2
       162         2       219         2
        16       137       226         2
         1       167       228         2
        88        14       233         2
        58       177       246         4
       139        59       252         2
        54       230       256         4
        53       184       259         2
       186        29       262         2
        61       111       267         2
        97        61       273         2
        19       235       275         4
        69       231       277         4
        13       195       278         2
        65       197       281         2
        50       129       284         2
        22       200       285         4
         7       143       287         2
        82       202       289         4
        75       203       290         2
       207         6       296         2
        80       209       299         4
        95        38       301         2
         4       213       303         1
        74       212       304         4
        51       217       310         4
        33       139       311         2
        10       219       313         4
        42       222       318         4
         2       233       331         3
        67       229       332         4
        76       236       336         2
        72       234       337         4
         3       237       339         4
   0.000000000000000       0.000000000000000    
   22.00000000000000       0.000000000000000    
   22.00000000000000      0.5000000000000000    
   0.000000000000000      0.5000000000000000    
   14.00000000000000      0.5000000000000000    
   11.00000000000000       0.000000000000000    
   16.50000000000000       0.000000000000000    
   7.000000000000000      0.5000000000000000    
   13.75000000000000       0.000000000000000    
   18.00000000000000      0.5000000000000000    
   5.500000000000000       0.000000000000000    
   10.50000000000000      0.5000000000000000    
   8.250000000000000       0.000000000000000    
   6.875000000000000       0.000000000000000    
   16.00000000000000      0.5000000000000000    
   19.25000000000000       0.000000000000000    
   3.500000000000000      0.5000000000000000    
   12.25000000000000      0.5000000000000000    
   8.750000000000000      0.5000000000000000    
   5.250000000000000      0.5000000000000000    
   17.87500000000000       0.000000000000000    
   20.00000000000000      0.5000000000000000    
   2.750000000000000       0.000000000000000    
   12.37500000000000       0.000000000000000    
   4.125000000000000       0.000000000000000    
   19.00000000000000      0.5000000000000000    
   20.62500000000000       0.000000000000000    
   1.750000000000000      0.5000000000000000    
   1.375000000000000       0.000000000000000    
   7.562500000000000       0.000000000000000    
   7.875000000000000      0.5000000000000000    
   6.125000000000000      0.5000000000000000    
   15.12500000000000       0.000000000000000    
   15.00000000000000      0.5000000000000000    
   13.12500000000000      0.5000000000000000    
   17.00000000000000      0.5000000000000000    
   11.37500000000000      0.5000000000000000    
   11.68750000000000       0.000000000000000    
   4.812500000000000       0.000000000000000    
   18.56250000000000       0.000000000000000    
   19.50000000000000      0.5000000000000000    
   21.00000000000000      0.5000000000000000    
   21.31250000000000       0.000000000000000    
  0.8750000000000000      0.5000000000000000    
  0.6875000000000000       0.000000000000000    
   7.437500000000000      0.5000000000000000    
   5.687500000000000      0.5000000000000000    
   6.562500000000000      0.5000000000000000    
   6.187500000000000       0.000000000000000    
   14.43750000000000       0.000000000000000    
   15.50000000000000      0.5000000000000000    
   12.68750000000000      0.5000000000000000    
   13.06250000000000       0.000000000000000    
   13.56250000000000      0.5000000000000000    
   17.50000000000000      0.5000000000000000    
   11.81250000000000      0.5000000000000000    
   21.50000000000000      0.5000000000000000    
  0.4375000000000000      0.5000000000000000    
   15.81250000000000       0.000000000000000    
   17.18750000000000       0.000000000000000    
   2.062500000000000       0.000000000000000    
   2.625000000000000      0.5000000000000000    
   2.187500000000000      0.5000000000000000    
   3.062500000000000      0.5000000000000000    
   3.437500000000000       0.000000000000000    
   8.312500000000000      0.5000000000000000    
   10.93750000000000      0.5000000000000000    
   4.375000000000000      0.5000000000000000    
   3.937500000000000      0.5000000000000000    
   18.50000000000000      0.5000000000000000    
   20.50000000000000      0.5000000000000000    
   1.312500000000000      0.5000000000000000    
   14.50000000000000      0.5000000000000000    
   4.812500000000000      0.5000000000000000    
   9.625000000000000       0.000000000000000    
   19.93750000000000       0.000000000000000    
   16.50000000000000      0.5000000000000000    
   10.31250000000000       0.000000000000000    
   8.937500000000000       0.000000000000000    
   9.625000000000000      0.5000000000000000    
   9.187500000000000      0.5000000000000000    
   10.06250000000000      0.5000000000000000    
   7.218750000000000       0.000000000000000    
   12.46875000000000      0.2890625000000000    
   12.71875000000000       0.000000000000000    
   10.71875000000000      0.2187500000000000    
   7.906250000000000       0.000000000000000    
   6.531250000000000       0.000000000000000    
   3.718750000000000      0.2187500000000000    
   9.406250000000000      0.2500000000000000    
   5.468750000000000      0.2968750000000000    
   5.843750000000000       0.000000000000000    
   5.156250000000000       0.000000000000000    
   11.59375000000000      0.2890625000000000    
   11.34375000000000       0.000000000000000    
   1.968750000000000      0.2890625000000000    
   1.718750000000000       0.000000000000000    
   13.34375000000000      0.2187500000000000    
   4.593750000000000      0.2500000000000000    
   1.093750000000000      0.2187500000000000    
  0.2187500000000000      0.2500000000000000    
   7.656250000000000      0.2890625000000000    
   6.781250000000000      0.2890625000000000    
   12.90625000000000      0.2734375000000000    
   13.78125000000000      0.2968750000000000    
   14.09375000000000       0.000000000000000    
   12.03125000000000       0.000000000000000    
  0.6562500000000000      0.2968750000000000    
   2.843750000000000      0.2890625000000000    
   3.093750000000000       0.000000000000000    
   2.406250000000000       0.000000000000000    
   3.281250000000000      0.2734375000000000    
   8.531250000000000      0.2187500000000000    
   8.968750000000000      0.2968750000000000    
   4.156250000000000      0.2968750000000000    
   9.843750000000000      0.2500000000000000    
   10.28125000000000      0.2968750000000000    
   7.218750000000000      0.2978515625000000    
   8.093750000000000      0.2734375000000000    
   6.343750000000000      0.2734375000000000    
   5.031250000000000      0.2822265625000000    
   5.906250000000000      0.2939453125000000    
   11.15625000000000      0.2734375000000000    
   1.531250000000000      0.2734375000000000    
   12.03125000000000      0.2978515625000000    
   2.406250000000000      0.2978515625000000    
   18.21875000000000       0.000000000000000    
   16.15625000000000       0.000000000000000    
   14.78125000000000       0.000000000000000    
   20.25000000000000      0.2148437500000000    
   18.90625000000000       0.000000000000000    
   17.25000000000000      0.3085937500000000    
   17.53125000000000       0.000000000000000    
   21.25000000000000      0.3085937500000000    
   20.96875000000000       0.000000000000000    
   19.25000000000000      0.3125000000000000    
   19.59375000000000       0.000000000000000    
   15.25000000000000      0.2968750000000000    
   15.46875000000000       0.000000000000000    
   21.75000000000000      0.2500000000000000    
   15.75000000000000      0.3085937500000000    
   17.75000000000000      0.2968750000000000    
   16.84375000000000       0.000000000000000    
   20.75000000000000      0.2968750000000000    
   14.25000000000000      0.2880859375000000    
   18.25000000000000      0.3115234375000000    
   16.25000000000000      0.3037109375000000    
   14.75000000000000      0.3115234375000000    
   18.75000000000000      0.2880859375000000    
   19.75000000000000      0.2880859375000000    
   16.75000000000000      0.3037109375000000    
   5.328125000000000      0.1319901315789474    
   18.49577302264614      0.2455653778307675    
   10.94140625000000      0.2148437500000000    
   16.49423027038574      0.2500000000000000    
   14.99777700143748      0.2283208678158002    
   19.99938957349256      0.2472976654592338    
   2.623140147137601      0.2008776887661832    
   19.07812500000000      0.1562500000000000    
   3.503906250000000      0.2773437500000000    
   9.625000000000000      0.2207031250000000    
   21.65625000000000       0.000000000000000    
   21.49123012160898      0.2044605793966324    
   1.316406250000000      0.2148437500000000    
   11.85937500000000      0.1489257812500000    
   19.42187500000000      0.1562500000000000    
  0.3437500000000000       0.000000000000000    
  0.4446504237288136      0.2067002118644068    
   7.435640147137603      0.2008776887661832    
   14.25000000000000      0.5000000000000000    
   6.564550392181275      0.2238390189243028    
   13.12890625000000      0.2773437500000000    
   17.49416064771668      0.2486584779822927    
   12.24814014713760      0.2008776887661832    
   4.815642406618609      0.2234527307912844    
   21.14062500000000      0.1258158623417721    
  0.2187500000000000      0.5000000000000000    
   14.01444280227559      0.2294299234479866    
   5.671875000000000      0.1681743421052632    
   7.046875000000000      0.1489257812500000    
   15.49620627572016      0.2492605452674897    
   12.68544960781872      0.2238390189243028    
   13.55907978110599      0.2769657258064516    
   13.40625000000000       0.000000000000000    
   18.00222299856253      0.2283208678158002    
   1.031250000000000       0.000000000000000    
   17.01562500000000      0.1954361155063291    
   4.468750000000000       0.000000000000000    
   4.367849576271186      0.2067002118644068    
   2.189359852862398      0.2008776887661832    
   3.060449607818725      0.2238390189243028    
   8.316406250000000      0.2773437500000000    
   1.752050392181275      0.2238390189243028    
   8.746579781105991      0.2769657258064516    
   8.593750000000000       0.000000000000000    
   3.934079781105991      0.2769657258064516    
   3.781250000000000       0.000000000000000    
   20.50153808593750      0.2464843750000000    
   14.60937500000000      0.1400877375587774    
   19.75000000000000      0.5000000000000000    
   16.67187500000000      0.1132702597467846    
   9.843750000000000      0.5000000000000000    
   9.968750000000000       0.000000000000000    
   10.06965042372881      0.2067002118644068    
   9.281250000000000       0.000000000000000    
   9.180349576271187      0.2067002118644068    
   10.65625000000000       0.000000000000000    
   7.872949607818724      0.2238390189243028    
   9.406250000000000      0.5000000000000000    
   6.121958856997281      0.2188136888586956    
   11.37705039218128      0.2238390189243028    
   4.593750000000000      0.5000000000000000    
   0.000000000000000      0.2500000000000000    
   15.99910819700070      0.2148317166211681    
   17.70312500000000      0.1023848684210526    
   18.75000000000000      0.5000000000000000    
   15.25000000000000      0.5000000000000000    
   15.29687500000000      0.1023848684210526    
   17.75000000000000      0.5000000000000000    
   20.79687500000000      0.1023848684210526    
   20.95985750001785      0.2445599130731784    
   20.75000000000000      0.5000000000000000    
   16.32812500000000      0.1132702597467846    
   18.94835122752903      0.3075088017111434    
   19.55164877247097      0.3075088017111434    
  0.8784202188940092      0.2769657258064516    
   14.46168339860944      0.2917805261508408    
   10.50342021889401      0.2769657258064516    
   10.71875000000000      0.5000000000000000    
   13.34375000000000      0.5000000000000000    
   3.718750000000000      0.5000000000000000    
   20.25000000000000      0.5000000000000000    
   22.00000000000000      0.2500000000000000    
   1.093750000000000      0.5000000000000000    
   8.531250000000000      0.5000000000000000    
   20.28125000000000       0.000000000000000    
   21.75000000000000      0.5000000000000000    
