   5.4003351219263258E-003
   5.4054270890813013E-003
   5.4104100331693553E-003
   5.2807703415322727E-003
   5.2169371467884083E-003
   1.3385002231779303E-009
   4.3993121942143873E-007
   1.7319788655663754E-007
   1.6283970653314817E-007
   1.6611793676243067E-007
   1.7226505694847711E-007
   1.7612598001647694E-007
   1.7828222704363454E-007
   1.7916746815961302E-007
   1.7910416241528452E-007
   1.7833553655720728E-007
   1.7705059322950558E-007
   1.7540200805656886E-007
   1.7351815412595217E-007
   1.7151169283843091E-007
   1.6948844120711266E-007
   1.6757425505801650E-007
   1.6573307167545018E-007
   1.6396008267573075E-007
   1.6244614061171002E-007
   1.6126069862971854E-007
   1.6017339876072540E-007
   1.5893175014727926E-007
   1.5773798139832322E-007
   1.5662466728234509E-007
   1.5529779828439060E-007
   1.4266348769778143E-007
   1.2020804594713511E-007
   9.9641732925078147E-008
   8.1180752053386029E-008
   6.5008750617657685E-008
   5.1250050480403989E-008
   3.9946501918756868E-008
   3.1019379695656334E-008
   2.4264665546845207E-008
   1.9370365126252353E-008
   1.6410783689623134E-008
   1.5651942377712126E-008
   1.7360639875357577E-008
   4.0769640086180710E-008
   1.9256429879881210E-007
   1.9455769713430009E-007
   1.9596367271898382E-007
   1.9696427527841336E-007
   1.9760554667230696E-007
   1.9894141140932173E-007
   2.0945021879720439E-007
   2.2460028545614261E-007
   2.4595955906939836E-007
   2.7131147171596249E-007
   2.7560873221166260E-007
   2.8000272632120522E-007
   2.8457369745825311E-007
   2.8927608354515537E-007
   2.9406709352336993E-007
   2.9890436961668221E-007
   3.0374572704714814E-007
   3.0854731429264484E-007
   3.1326215095858592E-007
   3.1783877992358986E-007
   3.2221993065996550E-007
   3.2634112987664042E-007
   3.3012897880223386E-007
   3.3349934810285641E-007
   3.3635529314488012E-007
   3.3858461915153264E-007
   3.4443111063307038E-007
   3.5392924309211145E-007
   3.6658546304964022E-007
   3.8328685633991206E-007
   4.0537791891251035E-007
   4.3502532965261109E-007
   4.7598249203212557E-007
   5.1739655262948566E-007
   5.1298387960386405E-007
   4.6333291272488930E-007
   9.3356058058017542E-007
   1.0639278813139201E-006
   1.1402852233454338E-006
   1.2236880292261969E-006
   1.3148519806650691E-006
   1.2652862587838889E-006
   1.5100235832065666E-006
   1.4881677661693778E-006
   1.7415742100079818E-006
   1.6845060855192741E-006
   1.9696073029864298E-006
   1.8985585230910185E-006
   2.2506654464686673E-006
   2.1479428326144633E-006
   2.4845833352631860E-006
   2.4848481751251659E-006
   2.7266720574870158E-006
   2.8495698662116218E-006
   2.9665081759532920E-006
   3.0787156234905582E-006
   2.8023663737549943E-006
   5.8076287666345621E-011
   5.6138988698714006E-011
   5.4095855128896845E-011
   5.1943421792795097E-011
   4.9678493420949072E-011
   4.7298314542014436E-011
   4.4800520916924254E-011
   4.2183020324867407E-011
   3.9379803114593809E-011
   3.6453391465002199E-011
   3.3417237995378789E-011
   3.0273076166647904E-011
   2.7022377669324411E-011
   2.3665638799925848E-011
   2.0200961743008369E-011
   1.6620950641478199E-011
   1.2904869986305384E-011
   8.9937370780764389E-012
   4.6715167974860164E-012
   8.6515271406530448E-012
   9.9742202090828193E-011
   8.8251829903927485E-011
   5.5128296608524335E-011
   3.7223733430799933E-011
   3.3111378497153769E-011
   4.0903093870959157E-011
   1.0700998982828820E-010
   1.0891289836636405E-010
   1.1061363258008326E-010
   1.1202692522329623E-010
   1.1305115870250888E-010
   1.1356458071865330E-010
   1.1024010093296580E-010
   9.8014825931994147E-011
   8.5291037673366230E-011
   7.4236100508382378E-011
   6.4590724471818546E-011
   5.6167854172297088E-011
   4.8832049965712312E-011
   4.2489089845986516E-011
   3.7083610193791369E-011
   3.2611816776024590E-011
   2.9153316144717134E-011
   2.6962511424910704E-011
   2.6785927182138831E-011
   3.1452428361904176E-011
   6.7971324926339316E-011
   7.4062536113783389E-011
   7.1477742038675873E-011
   6.9455525385870922E-011
   6.5874392066150619E-011
   5.9314752070412228E-011
   5.3409533822661332E-011
   4.8133627624846386E-011
   4.3454210451845280E-011
   3.9332484295722647E-011
   3.5724528258829548E-011
   3.2584121162234216E-011
   2.9864271773421076E-011
   2.7518488932536648E-011
   2.5501709764840169E-011
   2.3771476059425464E-011
   2.2293316024569555E-011
   2.1040523511336363E-011
   1.9973600581946564E-011
   1.9055489963605049E-011
   1.8258064022441071E-011
   1.7558354188528878E-011
   1.6937673370580029E-011
   1.6381126361785464E-011
   1.5877086792771646E-011
   1.5416907585905568E-011
   1.4994680831385235E-011
   1.4607179690447181E-011
   1.4254122282933496E-011
   1.3939075095422925E-011
   1.3671804968007289E-011
   1.3474464667963250E-011
   1.3400172380573773E-011
   1.3605354907846623E-011
   1.4818718569892400E-011
   3.7831990807966078E-011
   2.0065709860527711E-010
   2.1293019064532571E-010
   2.6870371640575537E-010
   3.4947975651405310E-010
   4.3676582917462772E-010
   5.7960511365543123E-010
   7.0439903510438638E-010
   2.4387064207409269E-010
   1.2455619324785033E-009
   1.1698958589684078E-009
   1.3007059432075484E-009
   1.5232342218889460E-009
   1.6636600140352545E-009
   1.5521658049185437E-009
   1.6430970952631578E-009
   1.1681989786124359E-009
   1.4001058239733263E-009
   1.6454031241816562E-009
   1.8407302649676981E-009
   1.5496395821402548E-009
   1.1954151472578256E-009
   1.2401282046364544E-009
   1.3171702626527062E-009
   1.3880479072344697E-009
   1.4520066158435974E-009
   1.5074787375793699E-009
   1.5514494104879846E-009
   1.1177139867338133E-009
   6.5049524514358759E-010
   3.3998083243344431E-010
   9.5300098900783675E-011
   4.2116299055873104E-010
   1.0021801799035831E-009
   1.5516269725999857E-009
   1.6128335938963459E-009
   1.6546676299469296E-009
   1.6955761855361391E-009
   1.7358639509750088E-009
   1.5496508851940200E-009
   1.2477838597942008E-009
   9.4655553282958618E-010
   6.5500500328257367E-010
   3.6684899031958033E-010
   1.7538300706786393E-011
   2.3945511839765738E-011
   5.4176351487916039E-011
   1.1470195093184420E-009
   9.5920568370377649E-010
   7.3871501604113019E-010
   4.5843765803200755E-010
   5.9029584595733623E-011
   1.0948414038786308E-009
   9.2974454596101887E-010
   5.9142865818919413E-010
   3.2612122570071973E-010
   1.2175731568537069E-010
   4.5502069708647773E-010
   2.1441531798371696E-011
   7.4537771817118679E-011
   7.4265433250032969E-011
   7.8024196743026137E-011
   9.8057979416324925E-011
   1.8384715880901766E-010
   6.1758711883183137E-010
   4.0200852674943652E-010
   3.2239175393749073E-011
   4.2340460944793333E-011
   3.9099368839078801E-011
   5.3812879781959625E-011
   6.8176856915274002E-011
   1.3437057804147430E-010
   4.1551012368447872E-010
   2.3360072818403730E-010
   3.2922346935017138E-010
   2.4668252266713628E-010
   1.1216192665763903E-010
   1.3546823881771601E-010
   5.8241637750633014E-011
   1.0781465035122882E-010
   7.7026706941599960E-011
   6.4055504588781614E-011
   6.2309868030011461E-011
   5.1682603333140852E-011
   6.9191688158285367E-011
   5.3032573323022730E-011
   7.0775633244334916E-011
   5.4852434099420705E-011
   7.2276542197001931E-011
   5.6830074525552417E-011
   7.3687655779421417E-011
   5.9020358197883206E-011
   7.4911845433210140E-011
   6.1575247519808528E-011
   7.5295003513699780E-011
   5.9769643941235634E-011
   8.0772222944584308E-011
   6.7362353819540574E-011
   8.4063414160317721E-011
   6.7365756590834718E-011
   7.0258693442486103E-011
   9.2483400126396802E-011
   1.0111905165588793E-010
   6.6232710523949914E-011
   8.5449756971186257E-011
   8.4893198857006097E-011
   8.1301770224630712E-011
   9.2231510849339521E-011
   1.4082979649127658E-010
   7.0721383327452376E-011
   9.3918063320058678E-011
   1.1584672336885211E-010
   1.4139934012130527E-010
   7.3459217767078565E-011
   9.7815579832501198E-011
   1.4269659238379405E-010
   2.5594662101724295E-010
   6.0491175113830666E-011
   1.6702999588938712E-011
   1.8763752444538855E-010
   8.6440248534526828E-011
   9.7145692322825668E-011
   1.1065516561885408E-010
   1.0485120137877519E-010
   2.8124115052801369E-010
   1.4788203163900077E-010
   3.1235381047285622E-010
   2.0542350201223381E-010
   2.3404404853768126E-010
   2.6326241698064648E-010
   1.5467621055945035E-010
   2.9677763121762348E-010
   6.1826409567307214E-011
   2.0002433088588754E-010
   3.9106976563970490E-010
   4.9345141355938326E-010
   2.9712011143985130E-010
   3.1643638702751348E-010
   2.7149952634810442E-010
   2.4107443066662321E-010
   2.2276357011800840E-010
   2.1224164608587558E-010
   2.0670973293631720E-010
   2.0445989196226953E-010
   2.0446216490647145E-010
   2.0609044159659551E-010
   2.0895923315874830E-010
   2.1282348720515558E-010
   2.1752286924607487E-010
   2.2294994540953420E-010
   2.2903156090529924E-010
   2.3571764011297464E-010
   2.4297426294470099E-010
   2.5077944760355108E-010
   2.5911978540549521E-010
   2.6798844004420469E-010
   2.7738380335585282E-010
   2.8730855381283104E-010
   2.9776899999856137E-010
   3.0877462436261710E-010
   3.2033776823118355E-010
   3.3247342382908500E-010
   3.4519911403255395E-010
   3.5372094649423707E-010
   3.5981749445649003E-010
   3.6635035781053774E-010
   3.7332970040772368E-010
   3.8076683511646691E-010
   3.8867408751799617E-010
   3.9706449736092080E-010
   4.0595148645004299E-010
   4.1534838802032175E-010
   4.2526757803185303E-010
   4.3632130738171476E-010
   4.5114803422548941E-010
   4.6956257401847242E-010
   4.9147763384759033E-010
   5.1884813585618579E-010
   5.4788283814174176E-010
   5.7838913744345749E-010
   3.8142973999237440E-010
   4.7610751472830169E-010
   6.5542557253641689E-010
   6.8485035594425448E-010
   7.1426789883447120E-010
   7.4550962248308464E-010
   7.7860141867951182E-010
   8.1350432617416061E-010
   4.1077864409927472E-010
   8.6805520536596594E-010
   9.0528812045510421E-010
   9.4183875824766397E-010
   9.7744512590418582E-010
   1.0124245813621010E-009
   1.0279784629411372E-009
   1.0354646325009796E-009
   1.0457971855568746E-009
   1.0591612678487646E-009
   1.0758079856337290E-009
   1.0960661723584208E-009
   1.1203598903270105E-009
   1.1492346075693550E-009
   1.1801335962481104E-009
   8.8441711349433762E-010
   1.2385670085780351E-009
   1.2778474131250327E-009
   1.2819375975486421E-009
   1.2813642734760700E-009
   1.2789762639653160E-009
   1.2758899896094928E-009
   1.2281252736878373E-009
   1.1993005655361029E-009
   1.1924255954256073E-009
   1.2117687307847011E-009
   1.2336969542521944E-009
   1.2248732393695873E-009
   1.2159083086389296E-009
   1.2064376867721170E-009
   1.1961911841430043E-009
   1.1846192816539430E-009
   1.1707775514531913E-009
   1.1538138169092105E-009
   1.1305583807372465E-009
   1.1374165577202395E-009
   1.2417533618009538E-009
   1.3138782510863972E-009
   1.3205294675566552E-009
   1.3305921972184095E-009
   1.3448365509067138E-009
   1.3640309578506328E-009
   1.3889910735410649E-009
   1.3839689789257593E-009
   1.3773358789775845E-009
   1.3712240732018185E-009
   1.3655774217211786E-009
   1.3603589230552664E-009
   1.3555457877385043E-009
   1.3511260570042687E-009
   1.3470963250692634E-009
   1.3434602456729420E-009
   1.3395623363184494E-009
   1.3351572693770098E-009
   1.3311365661721862E-009
   1.3275193891438068E-009
   1.3243333871352640E-009
   1.3216058209686644E-009
   1.3193690221096776E-009
   1.3176622690663959E-009
   1.3161722451214942E-009
   1.3102488974195143E-009
   1.3041714963521072E-009
   1.2985897981206642E-009
   1.2935849677119872E-009
   1.2892443279317205E-009
   1.2856566841344478E-009
   1.2829122913063154E-009
   1.2810939597744858E-009
   1.2802707575170605E-009
   1.2805063839726926E-009
   1.2818635614589263E-009
   1.2844094015171579E-009
   1.2882167212622137E-009
   1.2933642824915400E-009
   1.2999363432441728E-009
   1.3060755005810244E-009
   1.3124535541458717E-009
   1.3202885687635350E-009
   1.3296327615352286E-009
   1.3405400245770957E-009
   1.3530733297347314E-009
   1.3672975343639967E-009
   1.3832806342867946E-009
   1.4010945797529488E-009
   1.4208160823542627E-009
   1.4393649705697549E-009
   1.4589110060775712E-009
   1.4803185019275929E-009
   1.5036715237138259E-009
   1.5290441538688745E-009
   1.5564811325059648E-009
   1.5860722447045719E-009
   1.6179206996846303E-009
   1.6521514268945893E-009
   1.6889142401602745E-009
   1.7283880382352288E-009
   1.7707917039586963E-009
   1.8163932638112940E-009
   1.8655380002523148E-009
   1.9187299821251039E-009
   1.9764408479926917E-009
   2.0392515910748184E-009
   2.0852872837886690E-009
   2.0868828623619543E-009
   2.0919921075610133E-009
   2.1006884871945440E-009
   2.1130837807221893E-009
   2.1293315318586299E-009
   2.1496280879509100E-009
   2.1742147356594261E-009
   2.2033811894767706E-009
   2.2374807401028053E-009
   2.2769596978652899E-009
   2.3223784109406786E-009
   2.3743964830647013E-009
   2.4305587474528168E-009
   2.4859145880349875E-009
   2.5393003134062765E-009
   2.5824798213564165E-009
   2.6322481631188406E-009
   2.6849499590052468E-009
   2.1806296844133737E-009
   1.6470645784352992E-009
   1.1031203066904216E-009
   4.9313444379570980E-010
   1.8668378411160925E-009
   2.6330175510990134E-009
   2.7760976296608418E-009
   2.8158000486391669E-009
   2.8633312925521219E-009
   2.9192536108325639E-009
   2.9842784461087280E-009
   3.0593024357848614E-009
   3.1454784802187422E-009
   3.2443599076141476E-009
   2.8735981979349729E-009
   3.3007247648809643E-009
   3.2914702178032959E-009
   3.2898269271771405E-009
   3.2852188075733993E-009
   3.2780134631285965E-009
   3.2688494942001931E-009
   3.2585903410487218E-009
   3.2578564298388588E-009
   3.2675363813904018E-009
   3.2778371512737806E-009
   3.2886444558966944E-009
   3.2997281087287944E-009
   3.3110574468907864E-009
   3.3226137571215688E-009
   3.3343695680787815E-009
   3.3466370857411676E-009
   3.3594915589301092E-009
   3.3728904685557105E-009
   3.3867947216245277E-009
   3.4011677311920282E-009
   3.4159758255923630E-009
   3.4311890139510042E-009
   3.4467814200761789E-009
   3.4627674062821746E-009
   3.4791562774765724E-009
   3.4959275306846614E-009
   3.5130650792279822E-009
   3.4685331845046890E-009
   3.4157926352729333E-009
   3.3625216293374686E-009
   3.3552916575862641E-009
   3.3587210512638539E-009
   3.3633377138574414E-009
   3.3693129447046668E-009
   3.3753101813811252E-009
   3.3814058864420376E-009
   3.3873608898867981E-009
   3.3938439005353674E-009
   3.4006277884654331E-009
   3.4078049559297754E-009
   3.4153371889579721E-009
   3.4231722673739119E-009
   3.4312654764049511E-009
   3.4390016435007852E-009
   3.4462363348491969E-009
   3.4538848024813763E-009
   3.4620565039777437E-009
   3.4707314430197761E-009
   3.4798824595179915E-009
   3.4894837693049109E-009
   3.4995109705700437E-009
   3.5099417859255175E-009
   3.5207564891210751E-009
   3.5319364715761375E-009
   3.5434659121484967E-009
   3.5553330760104542E-009
   3.5675258136530146E-009
   3.5800322041885229E-009
   3.5928407894910620E-009
   3.6059404900216299E-009
   3.6193205256225800E-009
   3.6329701895289859E-009
   3.6468783342105234E-009
   3.6610344353728166E-009
   3.6754284565482019E-009
   3.6900508183522021E-009
   3.7048923700717228E-009
   3.7199443628457832E-009
   3.7351984203351232E-009
   3.7506464974257707E-009
   3.7662808780167436E-009
   3.7820941608851606E-009
   3.7980792527393459E-009
   3.8142293735706726E-009
   3.8286639705772662E-009
   3.8381028936280390E-009
   3.8479222986069426E-009
   3.8581131274630897E-009
   3.8686666108169981E-009
   3.8795744686463664E-009
   3.8908290040632038E-009
   3.9024239258575099E-009
   3.9143523655123382E-009
   3.9266071925583580E-009
   3.9391810937922332E-009
   3.9520666376603638E-009
   3.9652563266950590E-009
   3.9787426402811815E-009
   3.9925180695263957E-009
   3.9638766972672049E-009
   3.8787714047366863E-009
   3.8871085791117641E-009
   3.8952551215810501E-009
   3.9033408712812236E-009
   3.9114640542829618E-009
   3.9196992076123932E-009
   3.9281028471385831E-009
   3.9367176145986411E-009
   3.9455753687037817E-009
   3.9546995290680547E-009
   3.9641068864938902E-009
   3.9738090170168696E-009
   3.9838133960237324E-009
   3.9941242801075975E-009
   4.0047434058787464E-009
   4.0156705426612894E-009
   4.0269039277453023E-009
   4.0384406072223358E-009
   4.0502767012250284E-009
   4.0624075713452215E-009
   4.0748278831004377E-009
   4.0875317446646896E-009
   4.1005128717238499E-009
   4.1137647238114435E-009
   4.1272806147001092E-009
   4.1392367825410231E-009
   4.1531846581207135E-009
   4.1673849727896469E-009
   4.1818408678530867E-009
   4.1965530176590563E-009
   4.2115196537933509E-009
   4.2267373782617169E-009
   4.2422014859298883E-009
   4.2579071436844266E-009
   4.2738493846244676E-009
   4.2900231384278837E-009
   4.3064232596146395E-009
   4.3230449709069382E-009
   4.3398833818913103E-009
   4.3569332225826188E-009
   4.3741892158954996E-009
   4.3916460919286969E-009
   4.4092986008940020E-009
   4.4271415246716520E-009
   4.4451696868144306E-009
   4.4633779593659085E-009
   4.4817612700714433E-009
   4.5003146088688717E-009
   4.5190330742575889E-009
   4.5379125437496100E-009
   4.5569484581277865E-009
   4.5761359317069928E-009
   4.5954701712254679E-009
   4.6149464732715517E-009
   4.6345602422113181E-009
   4.6543069998405470E-009
   4.6741824053861986E-009
   4.6941811904125544E-009
   4.7142949116176191E-009
   4.7345257189080022E-009
   4.7548702280862677E-009
   4.7753251250118936E-009
   4.7958871576303805E-009
   4.8165531307154430E-009
   4.8373199029861468E-009
   4.8581843861773202E-009
   4.8790618559710778E-009
   4.9000218994854651E-009
   4.9210701420973099E-009
   4.9422036849911843E-009
   4.9634196857660060E-009
   4.9847153625318085E-009
   5.0060879977409187E-009
   5.0275349390730626E-009
   5.0490534709577829E-009
   5.0706407862874573E-009
   5.0922940216021679E-009
   5.1140108091787721E-009
   5.1357889012245286E-009
   5.1576260166616448E-009
   5.1795201465778620E-009
   5.2014694505941130E-009
   5.2234721696602690E-009
   5.2455266215075255E-009
   5.2676311970070317E-009
   5.2897843572592110E-009
   5.3119846319969962E-009
   5.3342306364662001E-009
   5.3565210226007034E-009
   5.3788544824889616E-009
   5.4012297722185679E-009
   5.4236457231989526E-009
   5.4461012451309101E-009
   5.4685952868512148E-009
   5.4911268554128855E-009
   5.5136950156385685E-009
   5.5362988924065160E-009
   5.5589376654183417E-009
   5.5816105672413266E-009
   5.6043168661457766E-009
   5.6270558718636890E-009
   5.6498269206100739E-009
   5.6726294080090207E-009
   5.6954627845089661E-009
   5.7183265503359861E-009
   5.7412202511724225E-009
   5.7641434744313722E-009
   5.7869255714529741E-009
   5.8097301971657554E-009
   5.8325622985314958E-009
   5.8554216952070589E-009
   5.8783082292390872E-009
   5.9012217638532054E-009
   5.9241621822918475E-009
   5.9471293866981228E-009
   5.9701232970417691E-009
   5.9931438500889184E-009
   6.0161909984150694E-009
   6.0392647094599455E-009
   6.0623649646223882E-009
   6.0854917583928706E-009
   6.1086450975423981E-009
   6.1318250003076446E-009
   6.1550314956119893E-009
   6.1782646222931866E-009
   6.2015244263546026E-009
   6.2248109603452225E-009
   6.2481242834728055E-009
   6.2714644619006048E-009
   6.2948315687899465E-009
   6.3182256841548440E-009
   6.3416468910429696E-009
   6.3650952662295070E-009
   6.3885708744356331E-009
   6.4120737687332447E-009
   6.4356039914459028E-009
   6.4591615756902623E-009
   6.4827465472776075E-009
   6.5063589267701602E-009
   6.5299987315448668E-009
   6.5536659777623020E-009
   6.5773606821737449E-009
   6.6010828637266245E-009
   6.6248325449478630E-009
   6.6486097530990927E-009
   6.6724145211084687E-009
   6.6962468882903446E-009
   6.7201069022078726E-009
   6.7439946208628920E-009
   6.7679101099501755E-009
   6.7918534395374707E-009
   6.8158246850413568E-009
   6.8398239276613040E-009
   6.8638512546041899E-009
   6.8879067591396694E-009
   6.9119905408390703E-009
   6.9361027057833901E-009
   6.9602433662273031E-009
   6.9844126399331192E-009
   7.0086106495779477E-009
   7.0328375221957013E-009
   7.0570933886537703E-009
   7.0813783831721103E-009
   7.1056926429127369E-009
   7.1300363076051051E-009
   7.1544095191910565E-009
   7.1788124214852793E-009
   7.2032451598503004E-009
   7.2277078808863382E-009
   7.2522007321370021E-009
   7.2767238618119928E-009
   7.3012774185281660E-009
   7.3258615510704555E-009
   7.3504764081736009E-009
   7.3751221383246946E-009
   7.3997988895871532E-009
   7.4245068094425581E-009
   7.4492460446593540E-009
   7.4740167411874055E-009
   7.4988190440997845E-009
   7.5236530975036619E-009
   7.5485190444793602E-009
   7.5734170270426832E-009
   7.5983471861283956E-009
   7.6233096615923921E-009
   7.6483045922305022E-009
   7.6733321158118422E-009
   7.6983923691248879E-009
   7.7234854880345231E-009
   7.7486116075485168E-009
   7.7737708618921635E-009
   7.7989633845903175E-009
   7.8241893085549668E-009
   7.8494487661767887E-009
   7.8747418894198635E-009
   7.9000688099220629E-009
   7.9254296591101192E-009
   7.9508245683110200E-009
   7.9762536688581434E-009
   8.0017170921917710E-009
   8.0272149699550833E-009
   8.0500762304110061E-009
   8.0726157150215243E-009
   8.0951898497744237E-009
   8.1177986397302084E-009
   8.1404420925623699E-009
   8.1631202216325799E-009
   8.1858330481360612E-009
   8.2085806025317827E-009
   8.2313629254210611E-009
   8.2541800680059213E-009
   8.2770320922310607E-009
   8.2999190706922387E-009
   8.3228410863782843E-009
   8.3457982322971886E-009
   8.3687906110258756E-009
   8.3918183342139619E-009
   8.4148815220645745E-009
   8.4379803028095234E-009
   8.4611148121928712E-009
   8.4842851929751157E-009
   8.5074915944569627E-009
   8.5307341720283467E-009
   8.5540130864793798E-009
   8.5773285031779933E-009
   8.6006805916839177E-009
   8.6240695267460668E-009
   8.6474954877410497E-009
   8.6709586582985766E-009
   8.6944592259749295E-009
   8.7179973819689167E-009
   8.7415733208753216E-009
   8.7651872404713694E-009
   8.7888393415321928E-009
   8.8125298276718185E-009
   8.8362589052064207E-009
   8.8600267830371741E-009
   8.8838336725501920E-009
   8.9076797875313474E-009
   8.9315653440941651E-009
   8.9554905606190170E-009
   8.9794556577022007E-009
   9.0034608581136377E-009
   9.0275063867620030E-009
   9.0515924706663521E-009
   9.0757193389333760E-009
   9.0998872227394937E-009
   9.1240963558992019E-009
   9.1483469742992370E-009
   9.1726393150646113E-009
   9.1969736158808663E-009
   9.2213501146432337E-009
   9.2457690493643801E-009
   9.2702306582628936E-009
   9.2947351799369905E-009
   9.3192828536014292E-009
   9.3438739193786269E-009
   9.3685086186039867E-009
   9.3931871941211499E-009
   9.4179098905575676E-009
   9.4426769545761048E-009
   9.4674886350981385E-009
   9.4923451834959889E-009
   9.5172468537540684E-009
   9.5421939025996625E-009
   9.5671865896049127E-009
   9.5922251772623996E-009
   9.6173099310369768E-009
   9.6424411193966272E-009
   9.6676190138253134E-009
   9.6928438888205674E-009
   9.7181160218785569E-009
   9.7434356934690433E-009
   9.7688031870024447E-009
   9.7942187887908393E-009
   9.8196827880052816E-009
   9.8451954766308582E-009
   9.8707571494207873E-009
   9.8963681038507636E-009
   9.9220286400743202E-009
   9.9477390608799988E-009
   9.9734996716508791E-009
   9.9993107803268629E-009
   1.0025172697370023E-008
   1.0051085735733143E-008
   1.0077050210831643E-008
   1.0103066440518771E-008
   1.0129134745064089E-008
   1.0155255447135093E-008
   1.0181428871781837E-008
   1.0207655346424329E-008
   1.0233935200842556E-008
   1.0260268767168839E-008
   1.0286656379882361E-008
   1.0313098375805572E-008
   1.0339595094102275E-008
   1.0366146876277126E-008
   1.0392754066176343E-008
   1.0419417009989425E-008
   1.0446136056251592E-008
   1.0472911555846871E-008
   1.0499743862011562E-008
   1.0526633330337959E-008
   1.0553580318778165E-008
   1.0580585187647878E-008
   1.0607648299630024E-008
   1.0634770019778140E-008
   1.0661950715519376E-008
   1.0689190756657127E-008
   1.0716490515373146E-008
   1.0743850366229090E-008
   1.0771270686167553E-008
   1.0798751854512410E-008
   1.0826294252968562E-008
   1.0853898265621010E-008
   1.0881564278933288E-008
   1.0909292681745177E-008
   1.0937083865269810E-008
   1.0964938223090098E-008
   1.0992856151154508E-008
   1.1020838047772233E-008
   1.1048884313607713E-008
   1.1076995351674644E-008
   1.1105171567329325E-008
   1.1133413368263550E-008
   1.1161721164496945E-008
   1.1190095368368863E-008
   1.1218536394529911E-008
   1.1247044659933188E-008
   1.1275620583825186E-008
   1.1304264587736488E-008
   1.1332977095472184E-008
   1.1361758533101982E-008
   1.1390609328950025E-008
   1.1419529913584385E-008
   1.1448520719806095E-008
   1.1477582182637852E-008
   1.1506714739312174E-008
   1.1535918829259117E-008
   1.1565194894093511E-008
   1.1594543377601639E-008
   1.1623964725727457E-008
   1.1653459386558298E-008
   1.1683027810310125E-008
   1.1712670449312306E-008
   1.1742387757992024E-008
   1.1772180192858327E-008
   1.1802048212485794E-008
   1.1831992277498033E-008
   1.1862012850550898E-008
   1.1892110396315551E-008
   1.1922285381461421E-008
   1.1952538274639082E-008
   1.1982869546463127E-008
   1.2013279669495068E-008
   1.2043769118226307E-008
   1.2074338369061185E-008
   1.2104987900300218E-008
   1.2135718192123435E-008
   1.2166529726573943E-008
   1.2197422987541676E-008
   1.2228398460747337E-008
   1.2259456633726585E-008
   1.2290597995814398E-008
   1.2321823038129712E-008
   1.2353132253560192E-008
   1.2384526136747260E-008
   1.2416005184071279E-008
   1.2447569893636889E-008
   1.2479220765258515E-008
   1.2510958300445991E-008
   1.2542783002390261E-008
   1.2264253051254081E-008
   1.1114604075381859E-008
   1.0078827474906366E-008
   9.1495271906815497E-009
   8.3183202204817777E-009
   7.5762822682147298E-009
   6.9143702782360597E-009
   6.3237485124013847E-009
   5.7960479955930222E-009
   5.3235588658808497E-009
   4.8993424602558449E-009
   4.5172778997808105E-009
   4.1720586750185331E-009
   3.8591615672750304E-009
   3.5747441162118616E-009
   3.3155898941748573E-009
   3.0790516102687199E-009
   2.8627834261381767E-009
   2.6647274713474345E-009
   2.4830781506498346E-009
   2.3162484736856080E-009
   2.1628397749489082E-009
   2.0216153363682013E-009
   1.8914778754915487E-009
   1.7714505573785403E-009
   1.6606610580543594E-009
   1.5583281880589123E-009
   1.4638004924993719E-009
   1.3765461785527422E-009
   1.2960645630528881E-009
   1.2218143008822469E-009
   1.1532756676300286E-009
   1.0899720263500652E-009
   1.0314750155524924E-009
   9.7740284144123069E-010
   9.2741606979663905E-010
   8.8121283761938623E-010
   8.3852422831868079E-010
   7.9911001829223561E-010
   7.5534257874151027E-010
   6.8734007653780781E-010
   6.6377551195860375E-010
   2.6679549653640490E-009
   2.4659845954055643E-009
   1.9561389154168217E-009
   1.7016829374279501E-009
   1.5533963846577591E-009
   1.4497159924163835E-009
   1.3658033125467477E-009
   1.2923000512694625E-009
   1.2253562634850917E-009
   1.1633118252799344E-009
   1.1053469134009171E-009
   1.0509728475923362E-009
   9.9983329323337335E-010
   9.5164691844540901E-010
   9.0618077029652810E-010
   8.6323548070864391E-010
   8.2263633157772114E-010
   7.7531752012720557E-010
   6.8000028863087637E-010
   1.2713468003864884E-008
   1.3045144576660379E-008
   1.0824613017521138E-008
   8.3125024835201898E-009
   6.3882514819137222E-009
   4.9776161119810461E-009
   3.9845795648767422E-009
   3.3067210325271073E-009
   2.8510265246159383E-009
   2.5432548822795515E-009
   2.3295944613571594E-009
   2.1736912854515798E-009
   2.0523263284534275E-009
   1.9514232264966891E-009
   1.8630965842778869E-009
   1.7643341578973526E-009
   1.6379786540601591E-009
   1.8815217106812592E-009
   1.3228955046422661E-008
   1.3262818616064118E-008
   1.3296781305468350E-008
   1.3330843653551779E-008
   1.3365006200513574E-008
   1.3399269487815656E-008
   1.3433634058162285E-008
   1.3468100455479347E-008
   1.1086294001878185E-008
   9.0274474676945115E-009
   8.1791566178324741E-009
   7.6179187796201570E-009
   7.1286610897854320E-009
   6.6717522919022862E-009
   6.2416688571834805E-009
   5.8369778096594396E-009
