   5.3484585372157566E-003
   5.3527582365101535E-003
   5.3572422786219639E-003
   5.3619035363915461E-003
   5.3667346379692518E-003
   5.3717280820596309E-003
   5.3768763319594860E-003
   5.3821718935455117E-003
   5.3876073765825004E-003
   5.3931755420982622E-003
   5.3988693304561838E-003
   5.4046818945035335E-003
   5.4106066280738959E-003
   5.4166371803905196E-003
   5.4227674653947256E-003
   5.4289916667307125E-003
   5.4327109798903055E-003
   5.4267623751141861E-003
   5.4210080800221805E-003
   5.4154469551954843E-003
   5.4100776594735393E-003
   5.4048986812955417E-003
   5.3999083656225168E-003
   5.3951049371492640E-003
   5.3904865203310481E-003
   5.3860511566370161E-003
   5.3817968193310617E-003
   5.3777214259675141E-003
   5.3738228500180901E-003
   5.3700989299321445E-003
   5.3665474771699842E-003
   5.3631662831033480E-003
   5.3599531249582345E-003
   5.3569057708885755E-003
   5.3540219843182532E-003
   5.3512995276533207E-003
   5.3487361654394640E-003
   5.3463296675662466E-003
   5.3440778146947795E-003
   5.3419783976985614E-003
   5.3400292181905703E-003
   5.3382280894010573E-003
   5.3365728402254954E-003
   5.3350613187170279E-003
   5.3336913893126479E-003
   5.3324609320491998E-003
   5.3313678430697842E-003
   5.3304100350994865E-003
   5.3295854378188606E-003
   5.3288919982059871E-003
   5.3283276808361269E-003
   5.3278904681425300E-003
   5.3275783606432413E-003
   5.3273893771413356E-003
   5.3273215549039347E-003
   5.3273729498108744E-003
   5.3274649033038281E-003
   5.3275095779937668E-003
   5.3276714703936242E-003
   5.3279486647507222E-003
   5.3283392636751621E-003
   5.3287393172699593E-003
   5.3291391696421164E-003
   5.3296499291468251E-003
   5.3302697533091116E-003
   5.3309968176519828E-003
   5.3318293149493250E-003
   5.3327654565183584E-003
   5.3338034729896898E-003
   5.3349416140564716E-003
   5.3361781478789448E-003
   5.3375113611129881E-003
   5.3389395597064244E-003
   5.3404610689004092E-003
   5.3420742328982619E-003
   5.3437774148920184E-003
   5.3455194162738895E-003
   5.3472796419478212E-003
   5.3491265219984836E-003
   5.3509449890702934E-003
   5.3526574366785963E-003
   5.3544552770673328E-003
   5.3563369834016272E-003
   5.3583010465080337E-003
   5.3603459738334061E-003
   5.3624702901453429E-003
   5.3646725383151208E-003
   5.3669512794255097E-003
   5.3693050926198870E-003
   5.3717325749129893E-003
   5.3742323411084874E-003
   5.3768030237169220E-003
   5.3794432725722437E-003
   5.3821517533253786E-003
   5.3849271487732544E-003
   5.3877681595187379E-003
   5.3906735035382436E-003
   5.3936419120622142E-003
   5.3966721332085283E-003
   5.3997629320272711E-003
   5.4029130903020320E-003
   5.4061214065060856E-003
   5.4093866954624424E-003
   5.4127077857813984E-003
   5.4160835214868697E-003
   5.4195127633183075E-003
   5.4229943855144420E-003
   5.4265272762795908E-003
   5.4301103397331385E-003
   5.4337424957248163E-003
   5.4374226796133334E-003
   5.4411498420452939E-003
   5.4449229487358881E-003
   5.4487409802513771E-003
   5.4526029317934245E-003
   5.4565078129855931E-003
   5.4604546476636987E-003
   5.4644424736702878E-003
   5.4684703426421642E-003
   5.4725373198019423E-003
   5.4766424837573262E-003
   5.4807849263008692E-003
   5.4849637521858256E-003
   5.4891780789201542E-003
   5.4934270365808177E-003
   5.4977097676271935E-003
   5.5020254267157476E-003
   5.5063731805178309E-003
   5.5107522075406321E-003
   5.5151616979505812E-003
   5.5196008533963184E-003
   5.5240688868343378E-003
   5.5285650223607721E-003
   5.5330884950423138E-003
   5.5376385507412227E-003
   5.5422144459527593E-003
   5.5468154476440278E-003
   5.5514408330951332E-003
   5.5560898897428369E-003
   5.5607619150266716E-003
   5.5654562162375252E-003
   5.5701721103686933E-003
   5.5749089239694226E-003
   5.5796659930008518E-003
   5.5844426626943527E-003
   5.5892382874121677E-003
   5.5940522305107081E-003
   5.5988838642060407E-003
   5.6037325694415193E-003
   5.6085977357575876E-003
   5.6134787611638853E-003
   5.6183750520135906E-003
   5.6232860228800727E-003
   5.6282110964357710E-003
   5.6331497033332940E-003
   5.6381012820886645E-003
   5.6430652789667152E-003
   5.6480411478685676E-003
   5.6530283502211750E-003
   5.6580263548689268E-003
   5.6630346379673733E-003
   5.6680526828788297E-003
   5.6730799800698813E-003
   5.6781160270107586E-003
   5.6831603280766540E-003
   5.6882123944508433E-003
   5.6871784445725031E-003
   5.6852949463355954E-003
   5.6834905300037096E-003
   5.6817645725124417E-003
   5.6801164407418092E-003
   5.6785454921738452E-003
   5.6770510755472826E-003
   5.6756325314836001E-003
   5.6742891930932366E-003
   5.6730203865640351E-003
   5.6718254317322421E-003
   5.6707036426165746E-003
   5.6696543265149753E-003
   5.6686767864323881E-003
   5.6677703227985873E-003
   5.6669342322276947E-003
   5.6661678079694541E-003
   5.6654703403452907E-003
   5.6648411171688982E-003
   5.6642794241515224E-003
   5.6637845452921463E-003
   5.6633557633651204E-003
   5.6629923612639575E-003
   5.6626936214703785E-003
   5.6624588261060260E-003
   5.6622872572452002E-003
   5.6621331228331904E-003
   5.6618609399104536E-003
   5.6616524288968023E-003
   5.6615068658852933E-003
   5.6614235266653750E-003
   5.6614016872537712E-003
   5.6614406241450371E-003
   5.6614882711203754E-003
   5.6614758277956099E-003
   5.6615240894360309E-003
   5.6616323224798039E-003
   5.6617997954417666E-003
   5.6620257791624934E-003
   5.6623095459338562E-003
   5.6626503707702634E-003
   5.6630475327270439E-003
   5.6634148891265635E-003
   5.6637768800346837E-003
   5.6641946296640995E-003
   5.6646674308565388E-003
   5.6651945805088633E-003
   5.6657753796428133E-003
   5.6664091323273720E-003
   5.6670951458512074E-003
   5.6678327309262538E-003
   5.6686212018756000E-003
   5.6677547840407860E-003
   5.6637642640009929E-003
   5.6598524208326118E-003
   5.6560191268731222E-003
   5.6522642308895312E-003
   5.6485875589208211E-003
   5.6449889151078654E-003
   5.6414680825104049E-003
   5.6380248239110298E-003
   5.6346588826050878E-003
   5.6313699831794075E-003
   5.6281578322877794E-003
   5.6250221194327496E-003
   5.6219625176911663E-003
   5.6189786844221953E-003
   5.6160702619640311E-003
   5.6132368783283404E-003
   5.6104781478559561E-003
   5.6077936718534919E-003
   5.6051830392048994E-003
   5.6026458269798803E-003
   5.6001816009989070E-003
   5.5977899165077730E-003
   5.5954703187195793E-003
   5.5932223433716229E-003
   5.5910455172547254E-003
   5.5889393587242658E-003
   5.5869033781981818E-003
   5.5849370786435438E-003
   5.5830399559902710E-003
   5.5812114991524043E-003
   5.5794511918219629E-003
   5.5777585117657682E-003
   5.5761329315803009E-003
   5.5745739193751196E-003
   5.5730809387975182E-003
   5.5716534493974700E-003
   5.5702909069809967E-003
   5.5689927639521429E-003
   5.5677584696436824E-003
   5.5665874706368190E-003
   5.5654792110700277E-003
   5.5644331329372312E-003
   5.5634486764327765E-003
   5.5625252804971702E-003
   5.5616623828762838E-003
   5.5608594200487315E-003
   5.5601158279098197E-003
   5.5593704752095489E-003
   5.5586784723866030E-003
   5.5580449371859086E-003
   5.5574692995605749E-003
   5.5569509895185875E-003
   5.5564894373207477E-003
   5.5560840736751183E-003
   5.5557343299663222E-003
   5.5554149113824615E-003
   5.5551459567975761E-003
   5.5549312096806252E-003
   5.5547701060256246E-003
   5.5546620829769362E-003
   5.5546065790703222E-003
   5.5546030345491335E-003
   5.5546508914903195E-003
   5.5546296678101520E-003
   5.5546576485014203E-003
   5.5547366317063897E-003
   5.5548660632678123E-003
   5.5550453908636537E-003
   5.5552740641611840E-003
   5.5555515349613250E-003
   5.5558772573393823E-003
   5.5562506877818779E-003
   5.5566712853306948E-003
   5.5570650945057703E-003
   5.5574751139743986E-003
   5.5579317627794285E-003
   5.5584345020923930E-003
   5.5589827977771305E-003
   5.5595761189383211E-003
   5.5602139378211060E-003
   5.5608957298565413E-003
   5.5616209740718247E-003
   5.5623891530966578E-003
   5.5631997527222192E-003
   5.5640522619620292E-003
   5.5649461731249305E-003
   5.5658809818807629E-003
   5.5668561873192879E-003
   5.5677967435750287E-003
   5.5687322158583033E-003
   5.5697076726265024E-003
   5.5707226239422123E-003
   5.5717765833768603E-003
   5.5728690680408978E-003
   5.5739995986088748E-003
   5.5751676994629032E-003
   5.5763729007371129E-003
   5.5776147341620409E-003
   5.5788927337647324E-003
   5.5791147918963892E-003
   5.5771647557826924E-003
   5.5752846651443482E-003
   5.5734739739084120E-003
   5.5717321326539514E-003
   5.5700585889495689E-003
   5.5684527876734939E-003
   5.5669141713324197E-003
   5.5654421803750052E-003
   5.5640362535271807E-003
   5.5626958284946074E-003
   5.5614203419738122E-003
   5.5602092296523015E-003
   5.5590619264268082E-003
   5.5579778666186045E-003
   5.5569564841819429E-003
   5.5559972129057096E-003
   5.5550771335394194E-003
   5.5542028617905879E-003
   5.5533894556584786E-003
   5.5526363479840111E-003
   5.5519429722508361E-003
   5.5513087627293185E-003
   5.5507331546373389E-003
   5.5502155842942326E-003
   5.5497554892739581E-003
   5.5493523085745058E-003
   5.5490054828732259E-003
   5.5487144546642869E-003
   5.5484786683444040E-003
   5.5482975703024977E-003
   5.5481706090907265E-003
   5.5480972353079677E-003
   5.5479702566234908E-003
   5.5478805584236917E-003
   5.5478440636635012E-003
   5.5478602245885586E-003
   5.5479284956768344E-003
   5.5480483337852545E-003
   5.5482191983054008E-003
   5.5484405513014584E-003
   5.5487118573522088E-003
   5.5490325836853602E-003
   5.5494022002774770E-003
   5.5498065397467230E-003
   5.5501972311126210E-003
   5.5506359692135175E-003
   5.5511222315841376E-003
   5.5516554988611988E-003
   5.5522352547771768E-003
   5.5528609862261153E-003
   5.5535321833242220E-003
   5.5542483394653702E-003
   5.5550089513717749E-003
   5.5558135191400822E-003
   5.5566615462831551E-003
   5.5575525397677551E-003
   5.5584860100483524E-003
   5.5594614710960649E-003
   5.5603797443960568E-003
   5.5613174923199648E-003
   5.5622968739895817E-003
   5.5633174105892379E-003
   5.5643786271513500E-003
   5.5654800540756184E-003
   5.5666212234042715E-003
   5.5678016712383304E-003
   5.5690209367749779E-003
   5.5702785627837871E-003
   5.5715740957458003E-003
   5.5729070858487164E-003
   5.5742770869807827E-003
   5.5756836565442709E-003
   5.5771263533959366E-003
   5.5786047411792586E-003
   5.5801183873783137E-003
   5.5816668631917185E-003
   5.5832497435202456E-003
   5.5848666069525776E-003
   5.5865170357497582E-003
   5.5882006158284201E-003
   5.5899169367429119E-003
   5.5916655916663982E-003
   5.5934461773710278E-003
   5.5952582942072468E-003
   5.5971015460823132E-003
   5.5989755404353960E-003
   5.6008798882103607E-003
   5.6028142038203757E-003
   5.6047781051496957E-003
   5.6067712135262219E-003
   5.6087931537492589E-003
   5.6108435538353698E-003
   5.6129220440315156E-003
   5.6150282579744137E-003
   5.6171618327346814E-003
   5.6193224087799773E-003
   5.6215096299387342E-003
   5.6237231433645309E-003
   5.6259625994987085E-003
   5.6282276520303424E-003
   5.6305179578616787E-003
   5.6328331770873572E-003
   5.6351729729532474E-003
   5.6375370118092842E-003
   5.6399249630754650E-003
   5.6423364992125693E-003
   5.6447712956925388E-003
   5.6472290309689472E-003
   5.6497093864474974E-003
   5.6522120464565472E-003
   5.6547366982176691E-003
   5.6572830318163117E-003
   5.6598507401725779E-003
   5.6624395190120322E-003
   5.6650490668365572E-003
   5.6676790848954302E-003
   5.6703292771566553E-003
   5.6729993502784258E-003
   5.6756890135807730E-003
   5.6783979790191964E-003
   5.6811259611625224E-003
   5.6838726771819455E-003
   5.6866378467951726E-003
   5.6894211922385316E-003
   5.6922224382403280E-003
   5.6950413119942877E-003
   5.6978775431331631E-003
   5.7007308637026174E-003
   5.7036010080897068E-003
   5.7064877130452683E-003
   5.7093907177043386E-003
   5.7123097635117690E-003
   5.7152445941964433E-003
   5.7181949557459626E-003
   5.7211605963815972E-003
   5.7241412665335265E-003
   5.7271367188163171E-003
   5.7301467080046881E-003
   5.7331709910095141E-003
   5.7362093268541053E-003
   5.7392614766507439E-003
   5.7423272035774589E-003
   5.7454062728550873E-003
   5.7484984517245652E-003
   5.7516035094244853E-003
   5.7547212171689130E-003
   5.7578513481254387E-003
   5.7609936773935048E-003
   5.7641479819829635E-003
   5.7673140407929003E-003
   5.7704916345907012E-003
   5.7736805459913648E-003
   5.7768805594370877E-003
   5.7800914611770629E-003
   5.7833130392475618E-003
   5.7865450834525189E-003
   5.7897873853443201E-003
   5.7930397382046604E-003
   5.7963019370255477E-003
   5.7995737784905686E-003
   5.8028550609563840E-003
   5.8061455844344969E-003
   5.8094451505732326E-003
   5.8127535626399714E-003
   5.8160706255036242E-003
   5.8193961456173230E-003
   5.8227299310013823E-003
   5.8260717912264658E-003
   5.8294215373969893E-003
   5.8327789821347757E-003
   5.8361439395629043E-003
   5.8395162252898123E-003
   5.8428956563936077E-003
   5.8462820514066181E-003
   5.8496752303001526E-003
   5.8526931505115121E-003
   5.8546106068602119E-003
   5.8565510849194757E-003
   5.8585142785939253E-003
   5.8604998845967282E-003
   5.8625076024248889E-003
   5.8645371343345187E-003
   5.8665881853150574E-003
   5.8686604630678162E-003
   5.8707536779814508E-003
   5.8728675431069053E-003
   5.8750017741301510E-003
   5.8771560893456313E-003
   5.8793302096301729E-003
   5.8815238584202954E-003
   5.8837367616888922E-003
   5.8859686479233843E-003
   5.8882192481050921E-003
   5.8904882956942496E-003
   5.8927755265896376E-003
   5.8950806791065917E-003
   5.8974034939539427E-003
   5.8997437142110001E-003
   5.9021010853045688E-003
   5.9044753549860329E-003
   5.9068662733084551E-003
   5.9092735926037903E-003
   5.9116970674601569E-003
   5.9141364546992153E-003
   5.9165915133536657E-003
   5.9190620046448142E-003
   5.9215476919604595E-003
   5.9240483408327070E-003
   5.9265637189158662E-003
   5.9253616727630784E-003
   5.9235239789199512E-003
   5.9217403043407470E-003
   5.9200102888069799E-003
   5.9183335693567722E-003
   5.9167097804824582E-003
   5.9151385543282746E-003
   5.9136195208787726E-003
   5.9121523080300567E-003
   5.9107365418587399E-003
   5.9093718469833542E-003
   5.9080578465633580E-003
   5.9067941624482354E-003
   5.9055804153278707E-003
   5.9044162248783477E-003
   5.9033012099034008E-003
   5.9022349884556005E-003
   5.9012171778491255E-003
   5.9002473952528217E-003
   5.8993252576096241E-003
   5.8984503816397714E-003
   5.8976223839498415E-003
   5.8968408811385202E-003
   5.8961054899001816E-003
   5.8954158271561025E-003
   5.8947715105909810E-003
   5.8941721581938248E-003
   5.8936173882273984E-003
   5.8931068195586384E-003
   5.8926400718675954E-003
   5.8922167656680936E-003
   5.8918365222291446E-003
   5.8914989637105179E-003
   5.8912037132223729E-003
   5.8909503948748419E-003
   5.8907386338653165E-003
   5.8905457218027379E-003
   5.8903770344211678E-003
   5.8902491449117286E-003
   5.8901616816594655E-003
   5.8901142743495311E-003
   5.8900612325233455E-003
   5.8900024018921507E-003
   5.8899833615216309E-003
   5.8900037424619352E-003
   5.8900631770669315E-003
   5.8901612990653659E-003
   5.8902977438954444E-003
   5.8904721485423563E-003
   5.8906841515853339E-003
   5.8909333932498616E-003
   5.8912195154568435E-003
   5.8915421618687880E-003
   5.8919009779332858E-003
   5.8922956109237453E-003
   5.8927257099771297E-003
   5.8931909261262195E-003
   5.8936909123320919E-003
   5.8942253234254742E-003
   5.8947938150382519E-003
   5.8953960459509226E-003
   5.8960316775130235E-003
   5.8966668138458302E-003
   5.8972633926103911E-003
   5.8978932371172377E-003
   5.8985560123572586E-003
   5.8992513855280785E-003
   5.8999790269264147E-003
   5.9007386079884469E-003
   5.9015298020580840E-003
   5.9023522845790301E-003
   5.9032057331116789E-003
   5.9040898273522531E-003
   5.9050042491496854E-003
   5.9059486825043675E-003
   5.9069228135160169E-003
   5.9079191237436839E-003
   5.9088704587296603E-003
   5.9098511763987201E-003
   5.9108609687571019E-003
   5.9118995300232848E-003
   5.9129665566414929E-003
   5.9140617472831303E-003
   5.9151848028470436E-003
   5.9163354263801265E-003
   5.9175133228226975E-003
   5.9187181993022812E-003
   5.9199497651952777E-003
   5.9212077321177852E-003
   5.9224918139158308E-003
   5.9238017266439571E-003
   5.9251371885688867E-003
   5.9264979200794330E-003
   5.9278835581315541E-003
   5.9292938042107132E-003
   5.9307284904826386E-003
   5.9321873455767246E-003
   5.9336701002976142E-003
   5.9351764875802430E-003
   5.9367062425384849E-003
   5.9382591024265963E-003
   5.9398348065764269E-003
   5.9414330960724793E-003
   5.9430537140356494E-003
   5.9446964057123745E-003
   5.9463609184496760E-003
   5.9480470016810274E-003
   5.9497544069177372E-003
   5.9514828877217894E-003
   5.9532321996792889E-003
   5.9550021003815746E-003
   5.9567923494103078E-003
   5.9586027083210827E-003
   5.9604329406261732E-003
   5.9622828117788492E-003
   5.9641520891585195E-003
   5.9660405420492941E-003
   5.9679479416321199E-003
   5.9698740609684040E-003
   5.9718186749842346E-003
   5.9737815604546133E-003
   5.9757624959877092E-003
   5.9777612620091234E-003
   5.9797776407462143E-003
   5.9818114162124214E-003
   5.9838623741916468E-003
   5.9859303022226536E-003
   5.9880149895835252E-003
   5.9901162272761625E-003
   5.9922338080108254E-003
   5.9943675261907295E-003
   5.9965171778966972E-003
   5.9986825608718663E-003
   6.0008634745064640E-003
   6.0030597198226371E-003
   6.0052710994593674E-003
   6.0074974176574239E-003
   6.0097384802444351E-003
   6.0119940946200094E-003
   6.0142640697409362E-003
   6.0165482161064930E-003
   6.0188463457438056E-003
   6.0211582721933308E-003
   6.0234838104943900E-003
   6.0258227771708217E-003
   6.0281749902166889E-003
   6.0305402690821108E-003
   6.0329184346593640E-003
   6.0353093092690904E-003
   6.0377127166466775E-003
   6.0401284819281680E-003
   6.0410753864904602E-003
   6.0410733714638121E-003
   6.0410714114064457E-003
   6.0410695078430597E-003
   6.0410676622886404E-003
   6.0410658762483195E-003
   6.0410641512172398E-003
   6.0410624886804154E-003
   6.0410608901125904E-003
   6.0410593569780908E-003
   6.0410578907306766E-003
   6.0410564928134016E-003
   6.0410551646584492E-003
   6.0410539076869961E-003
   6.0410527233090419E-003
   6.0410516129232568E-003
   6.0410505779168256E-003
   6.0410496196652607E-003
   6.0410487395322707E-003
   6.0410479388695879E-003
   6.0410472190168202E-003
   6.0410465813012688E-003
   6.0410460270377744E-003
   6.0410455575285460E-003
   6.0410451740630184E-003
   6.0410448779176533E-003
   6.0410446703557646E-003
   6.0410445526273586E-003
   6.0410445259689487E-003
   6.0410445916033936E-003
   6.0410447507397141E-003
   6.0410450045729307E-003
   6.0410453542838836E-003
   6.0410458010390555E-003
   6.0410463459904043E-003
   6.0410469902751878E-003
   6.0410477350157817E-003
   6.0410485813195162E-003
   6.0410495302784936E-003
   6.0410505829694185E-003
   6.0410517404534255E-003
   6.0410530037759069E-003
   6.0410543739663316E-003
   6.0410558520380842E-003
   6.0410574389882917E-003
   6.0410591357976514E-003
   6.0410609434302558E-003
   6.0410628628334391E-003
   6.0410648949375924E-003
   6.0410670406560157E-003
   6.0410693008847360E-003
   6.0410716765023536E-003
   6.0410741683698801E-003
   6.0410767773305700E-003
   6.0410795042097690E-003
   6.0410823498147567E-003
   6.0410853149345843E-003
   6.0410884003399227E-003
   6.0410916067829157E-003
   6.0410949349970194E-003
   6.0410983856968650E-003
   6.0411019595781176E-003
   6.0411056573173739E-003
   6.0411094795719770E-003
   6.0411134269798697E-003
   6.0411175001594481E-003
   6.0411216997094327E-003
   6.0411260262087339E-003
   6.0411304802163229E-003
   6.0411350622711002E-003
   6.0411397728917741E-003
   6.0411446125767394E-003
   6.0411495818039609E-003
   6.0411546810308437E-003
   6.0411599106941416E-003
   6.0411652712098239E-003
   6.0411707629729871E-003
   6.0411763863577389E-003
   6.0411821417170998E-003
   6.0411880293829113E-003
   6.0411940496657339E-003
   6.0412002028547582E-003
   6.0412064892177144E-003
   6.0412129090008006E-003
   6.0412194624285846E-003
   6.0412261497039344E-003
   6.0412329710079439E-003
   6.0412399264998693E-003
   6.0412470163170454E-003
   6.0412542405748363E-003
   6.0412615993665729E-003
   6.0412690927634941E-003
   6.0412767208147013E-003
   6.0412844835471061E-003
   6.0412923809653844E-003
   6.0413004130519393E-003
   6.0413085797668704E-003
   6.0413168810479236E-003
   6.0413253168104895E-003
   6.0413338869475548E-003
   6.0413425913296917E-003
   6.0413514298050461E-003
   6.0413604021993129E-003
   6.0413695083157441E-003
   6.0413787479351288E-003
   6.0413881208158009E-003
   6.0413976266936505E-003
   6.0414072652821109E-003
   6.0414170362721956E-003
   6.0414269393324997E-003
   6.0414369741092254E-003
   6.0414471402261980E-003
   6.0414574372849132E-003
   6.0414678648645602E-003
   6.0414784225220463E-003
   6.0414891097920640E-003
   6.0414999261871223E-003
   6.0415108711975906E-003
   6.0415219442917735E-003
   6.0415331449159525E-003
   6.0415444724944553E-003
   6.0415559264297217E-003
   6.0415675061023782E-003
   6.0415792108713040E-003
   6.0415910400737211E-003
   6.0416029930252706E-003
   6.0416150690201058E-003
   6.0416272673309750E-003
   6.0416395872093295E-003
   6.0416520278853900E-003
   6.0416645885682276E-003
   6.0416772684459283E-003
   6.0416900666857209E-003
   6.0417029824340728E-003
   6.0417160148168265E-003
   6.0417291629393166E-003
   6.0417424258865024E-003
   6.0417558027230853E-003
   6.0417692924936680E-003
   6.0417828942228753E-003
   6.0417966069155069E-003
   6.0418104295566844E-003
   6.0418243611120009E-003
   6.0418384005276760E-003
   6.0418525467307227E-003
   6.0418667986290977E-003
   6.0418811551118789E-003
   6.0418956150494318E-003
   6.0419101772935793E-003
   6.0419248406777910E-003
   6.0419396040173479E-003
   6.0419544661095420E-003
   6.0419694257338617E-003
   6.0419844816521802E-003
   6.0419996326089532E-003
   6.0420148773314046E-003
   6.0420302145297476E-003
   6.0420456428973684E-003
   6.0420611611110512E-003
   6.0420767678311758E-003
   6.0420924617019447E-003
   6.0421082413515898E-003
   6.0421241053925951E-003
   6.0421400524219215E-003
   6.0421560810212374E-003
   6.0421721897571329E-003
   6.0421883771813682E-003
   6.0422046418311210E-003
   6.0422209822299086E-003
   6.0422373968895627E-003
   6.0422538843084616E-003
   6.0422704429740747E-003
   6.0422870713571974E-003
   6.0423037679143525E-003
   6.0423205310889084E-003
   6.0423373593113333E-003
   6.0423542509994866E-003
   6.0423712045588997E-003
   6.0423882183830531E-003
   6.0424052908536561E-003
   6.0424224203409370E-003
   6.0424396052039227E-003
   6.0424568437907090E-003
   6.0424741344387621E-003
   6.0424914754751832E-003
   6.0425088652170146E-003
   6.0425263019714985E-003
   6.0425437840363741E-003
   6.0425613097001736E-003
   6.0425788772424894E-003
   6.0425964849342706E-003
   6.0426141310381135E-003
   6.0426318138085428E-003
   6.0426495314923031E-003
   6.0426672823286559E-003
   6.0426850645496494E-003
   6.0427028763804366E-003
   5.8679984301255247E-003
   5.4980721396789972E-003
   5.1933174540019344E-003
   4.9383681092484049E-003
   4.7206899067211228E-003
   4.5305232040938354E-003
   4.3605905145129905E-003
   4.2056769580524553E-003
   4.0621729133191653E-003
   3.9276443100076325E-003
   3.8004702882958228E-003
   3.6795642156187986E-003
   3.5641757296611073E-003
   3.4537604027887227E-003
   3.3478994992557258E-003
   3.2462532226608960E-003
   3.1756343593142187E-003
   3.0122262435521392E-003
   2.7595764757443546E-003
   5.0103699124026497E-003
   6.0429656813152741E-003
   6.0429837210445253E-003
   6.0430017601242562E-003
   6.0430197967059817E-003
   6.0430378289397790E-003
   6.0430558549745836E-003
   6.0430738729584915E-003
   6.0430918810390356E-003
   6.0431098773634914E-003
   6.0431278600791612E-003
   6.0431458273336692E-003
   6.0431637772752483E-003
   6.0431817080530388E-003
   6.0431996178173606E-003
   6.0432175047200167E-003
   6.0432353669145743E-003
   6.0432532025566539E-003
   6.0432710098042054E-003
   6.0432887868178001E-003
   6.0433065317609183E-003
   6.0433242428002167E-003
   6.0433419181058186E-003
   6.0433595558515929E-003
   6.0433771542154303E-003
   6.0433947113795149E-003
   6.0434122255306078E-003
   6.0434296948603085E-003
   6.0434471175653407E-003
   6.0434644918478117E-003
   6.0434818159154583E-003
   6.0434990879819342E-003
   6.0435163062670912E-003
   6.0435334689972250E-003
   6.0435505744053557E-003
   6.0435676207314746E-003
   6.0435846062228005E-003
   6.0436015291340447E-003
   6.0436183877276492E-003
   6.0436351802740547E-003
   6.0436519050519341E-003
   6.0436685603484476E-003
   6.0436851444594835E-003
   6.0437016556899011E-003
   6.0437180923537713E-003
   6.0437344527746123E-003
   6.0437507352856220E-003
   6.0437669382299207E-003
   6.0437830599607643E-003
   6.0437990988417879E-003
   6.0438150532472201E-003
   6.0438309215621122E-003
   6.0438467021825650E-003
   6.0438623935159469E-003
   6.0438779939810941E-003
   6.0438935020085327E-003
   6.0439089160406771E-003
   6.0439242345320474E-003
   6.0439394559494534E-003
   6.0439545787722097E-003
   6.0439696014923166E-003
   6.0439845226146725E-003
   6.0439993406572442E-003
   6.0440140541512663E-003
   6.0440286616414230E-003
   6.0440431616860229E-003
   6.0440575528571934E-003
   6.0440718337410378E-003
   6.0440860029378129E-003
   6.0441000590621095E-003
   6.0441140007429913E-003
   6.0441278266241873E-003
   6.0441415353642350E-003
   6.0441551256366355E-003
   6.0441685961300073E-003
   6.0441819455482474E-003
   6.0441951726106623E-003
   6.0442082760521513E-003
   6.0442212546233465E-003
   6.0442341070907051E-003
   6.0442468322366464E-003
   6.0442594288596819E-003
   6.0442718957745443E-003
   6.0442842318122999E-003
   6.0442964358204780E-003
   6.0443085066631810E-003
   6.0443204432211938E-003
   6.0443322443920963E-003
   6.0443439090903626E-003
   6.0443554362474708E-003
   6.0443668248119911E-003
   6.0443780737496908E-003
   6.0443891820436378E-003
   6.0444001486942896E-003
   6.0444109727195638E-003
   6.0444216531548925E-003
   6.0444321890533188E-003
   6.0444425794857013E-003
   6.0444528235427501E-003
   6.0444629203314053E-003
   6.0444728689755855E-003
   6.0444826686171611E-003
   6.0444923184160169E-003
   6.0445018175500857E-003
   6.0445111652154175E-003
   6.0445203606262037E-003
   6.0445294030148228E-003
   6.0445382916318891E-003
   6.0445470257462714E-003
   6.0445556046451344E-003
   6.0445640276339582E-003
   6.0445722940365666E-003
   6.0445804031951491E-003
   6.0445883544702709E-003
   6.0445961472408863E-003
   6.0446037809043568E-003
   6.0446112548764525E-003
   6.0446185685913475E-003
   6.0446257215016307E-003
   6.0446327130783024E-003
   6.0446395428107556E-003
   6.0446462102067711E-003
   6.0352675812415839E-003
   5.8615178726568141E-003
   5.6971961866506366E-003
   5.5408360210959127E-003
   5.4594263048389768E-003
   5.1433268684386232E-003
   4.9388935570850133E-003
   5.4548887865706721E-003
   6.0446952303984365E-003
   6.0447003676540167E-003
   6.0447053385684025E-003
   6.0447101428555052E-003
   6.0447147802472319E-003
   6.0447192504934320E-003
   6.0447235533618495E-003
   6.0447276886380517E-003
   6.0447316561253722E-003
   6.0447354556448568E-003
   6.0447390870351867E-003
   6.0447425501525985E-003
   6.0447458448708372E-003
   6.0447489710810367E-003
   6.0447519286916732E-003
   6.0447547176284804E-003
   6.0447573378343668E-003
   6.0447597892693264E-003
   6.0447620719103479E-003
   6.0447641857513286E-003
   6.0447661308029718E-003
   6.0447679070926999E-003
   6.0447695146645412E-003
   6.0447709535790357E-003
   6.0447722239131288E-003
   6.0447733257600568E-003
   6.0447742592292398E-003
   6.0447750244461496E-003
   6.0447756215521800E-003
   6.0447760507045785E-003
   6.0447763120763179E-003
   6.0447764058559790E-003
   6.0447763322476322E-003
   6.0447760914707129E-003
   6.0447756837598799E-003
   6.0447751093648848E-003
   6.0447743685504299E-003
   6.0447734615960520E-003
   6.0447723887959688E-003
   6.0447711504589465E-003
   6.0447697469081622E-003
   6.0447681784810553E-003
   6.0447664455291848E-003
   6.0447645484180846E-003
   6.0447624875271128E-003
   6.0447602632493066E-003
   6.0447578759912279E-003
   6.0447553261728073E-003
   6.0447526142271453E-003
   6.0447497405993564E-003
   6.0447467057479724E-003
   6.0447435101449567E-003
   6.0447401542748636E-003
   6.0447366386346566E-003
   6.0447329637335519E-003
   6.0447291300928649E-003
   6.0447251382458227E-003
   6.0447209887373775E-003
   6.0447166821232402E-003
   6.0447122189712411E-003
   6.0447075998633836E-003
   6.0447028253904746E-003
   6.0446978961536607E-003
   6.0446928127648120E-003
   6.0446875758463671E-003
   6.0446821860311514E-003
   6.0446766439621984E-003
   6.0446709502925793E-003
   6.0446651056852213E-003
   6.0446591108127392E-003
   6.0446529663572522E-003
   6.0446464764711298E-003
   6.0446389371269721E-003
   6.0446312584668824E-003
   6.0446234412948711E-003
   6.0446154864223075E-003
   6.0446073946677026E-003
   6.0445991668565766E-003
   6.0445908038212447E-003
   6.0445823064007942E-003
   6.0445736754405430E-003
   6.0445649117919914E-003
   6.0445560163125099E-003
   6.0445469898651703E-003
   6.0445378333185721E-003
   6.0445285475471027E-003
   6.0445191334301315E-003
   6.0445095918517178E-003
   6.0444999237007019E-003
   6.0444901298705202E-003
   6.0444802112590108E-003
   6.0444701687682517E-003
   6.0444600033043522E-003
   6.0444497157772867E-003
   6.0444393071007003E-003
   6.0444287781917221E-003
   6.0444181299707887E-003
   6.0444073633614554E-003
   6.0443964792902165E-003
   6.0443854786863113E-003
   6.0443743624815534E-003
   6.0443631316101339E-003
   6.0443517870084566E-003
   6.0443403296149391E-003
   6.0443287603698416E-003
   6.0443170802150833E-003
   6.0443052900940675E-003
   6.0442933909514909E-003
   6.0442810466056892E-003
   6.0442683609627807E-003
   6.0442555771203785E-003
   6.0442426960578546E-003
   6.0442297187539911E-003
   6.0442166461868079E-003
   6.0442034793333774E-003
   6.0441902191696794E-003
   6.0441768666704256E-003
   6.0441634228088851E-003
   6.0441498885567381E-003
   6.0441362648839007E-003
   6.0441225527583632E-003
   6.0441087531460424E-003
   6.0440948670106003E-003
   6.0440808953133029E-003
   6.0440668390128599E-003
   6.0440526990652678E-003
   6.0440384764236521E-003
   6.0440241720381288E-003
   6.0440097868556322E-003
   6.0439953218197852E-003
   6.0439807778707383E-003
   6.0439661559450273E-003
   6.0439514569754303E-003
   6.0439366818908248E-003
   6.0439218316160363E-003
   6.0439069070717137E-003
   6.0438919091741769E-003
   6.0438768388352878E-003
   6.0438616969623136E-003
   6.0438464844577910E-003
   6.0438312022193953E-003
   6.0438158511398107E-003
   6.0438004321066042E-003
   6.0437849460020917E-003
   6.0437693937032246E-003
   6.0437537760814524E-003
   6.0437380940026233E-003
   6.0437223483268358E-003
   6.0437065399083474E-003
   6.0436906695954407E-003
   6.0436747382303204E-003
   6.0436587466489913E-003
   6.0436426956811569E-003
   6.0436265861501049E-003
   6.0436104188726037E-003
   6.0435941946587945E-003
   6.0435779143120875E-003
   6.0435615786290650E-003
   6.0435451883993751E-003
   6.0435287444056442E-003
   6.0435122474233717E-003
   6.0434956982208382E-003
   6.0434790975590260E-003
   6.0434624461915181E-003
   6.0434457448644095E-003
   6.0434289943162309E-003
   6.0434121952778492E-003
   6.0433953484724037E-003
   6.0433784546152025E-003
   6.0433615144136685E-003
   6.0433445285672386E-003
   6.0433274977673094E-003
   6.0433104226971504E-003
   6.0432933040318396E-003
   6.0432761424381908E-003
   6.0432589385746947E-003
   6.0432416930914414E-003
   6.0432244066300645E-003
   6.0432070798236877E-003
   6.0431897132968504E-003
   6.0431723076654576E-003
   6.0431548635367293E-003
   6.0431373815091390E-003
   6.0431198621723704E-003
   6.0431023061072600E-003
   6.0430847138857532E-003
   6.0430670860708961E-003
   6.0430494232168565E-003
   6.0430317258691087E-003
   6.0430139945640109E-003
   6.0429962298287751E-003
   6.0429784321814443E-003
   6.0429606021308504E-003
   6.0429427401765979E-003
   6.0429248468090125E-003
   6.0429069225091331E-003
   6.0428889677486813E-003
   6.0428709829900415E-003
   6.0428529686862324E-003
   6.0428349252809009E-003
   6.0428168532082917E-003
   6.0427987528932419E-003
   6.0427806247511633E-003
   6.0427624691880297E-003
   6.0427442866003659E-003
   6.0427260773752494E-003
   6.0427078418902888E-003
   6.0426895805136271E-003
   6.0426712936039358E-003
   6.0426529815104423E-003
   6.0426346445729738E-003
   6.0426162831219926E-003
   6.0425978974784633E-003
   6.0425794879538754E-003
   6.0425610548502538E-003
   6.0425425984601995E-003
   6.0425241190668767E-003
   6.0425056169440073E-003
   6.0424870923558895E-003
   6.0424685455574105E-003
   6.0424499767940546E-003
   6.0424313863019366E-003
   6.0424127743077963E-003
   6.0423941410290369E-003
   6.0423754866737803E-003
   6.0423568114408785E-003
   6.0423381155199083E-003
   6.0423193990912036E-003
   6.0423006623259012E-003
   6.0422819053859511E-003
   6.0422631284241654E-003
   6.0422443315842362E-003
   6.0422255150007851E-003
   6.0422066787993913E-003
   6.0421878230966283E-003
   6.0421689480001112E-003
   6.0421500536085287E-003
   6.0421311400116889E-003
   6.0421122072905594E-003
   6.0420932555173149E-003
   6.0420742847553856E-003
   6.0420552950594952E-003
   6.0420362864757179E-003
   6.0420172590415220E-003
   6.0419982127858261E-003
   6.0419791477290445E-003
   6.0419600638831434E-003
   6.0419409612516911E-003
   6.0419218398299291E-003
   6.0419026996048090E-003
   6.0418835405550613E-003
   6.0418643626512615E-003
   6.0418451658558695E-003
   6.0418256476121790E-003
   6.0418059106438085E-003
   6.0417861498421668E-003
   6.0417663651890392E-003
   6.0417465566584569E-003
   6.0417267242167741E-003
   6.0417068678227191E-003
   6.0416869874274680E-003
   6.0416670829747084E-003
   6.0416471544006969E-003
   6.0416272016343394E-003
   6.0416072245972488E-003
   6.0415872232038167E-003
   6.0415671973612899E-003
   6.0415471469698265E-003
   6.0415270719225795E-003
   6.0415069721057738E-003
   6.0414868473987740E-003
   6.0414666976741603E-003
   6.0414465227977918E-003
   6.0414263226288949E-003
   6.0414060970201289E-003
   6.0413858458176631E-003
   6.0413655688612601E-003
   6.0413452659843518E-003
   6.0413249370141224E-003
   6.0413045817715814E-003
   6.0412842000716520E-003
   6.0412637917232458E-003
   6.0412433565293555E-003
   6.0412228942871267E-003
   6.0412024047879426E-003
   6.0411818878175179E-003
   6.0411613431559695E-003
   6.0411407705779187E-003
   6.0411201698525605E-003
   6.0410995407437548E-003
   6.0410788830101191E-003
   6.0410581964051137E-003
   6.0410374806771239E-003
   6.0410167355695607E-003
   6.0409959608209388E-003
   6.0409751561651221E-003
   6.0409543213327367E-003
   4.9568042709733327E-003
   3.9076875401161185E-003
   3.2200552539037573E-003
   2.8153768490266381E-003
   2.5628883813805375E-003
   2.6804824900066200E-003
   6.0408636574577849E-003
   6.0408426568823309E-003
   6.0408216243094739E-003
   6.0408005594363356E-003
   6.0407794619560902E-003
   6.0407583315580556E-003
   6.0407366122065742E-003
   6.0407146287378864E-003
   6.0406926095951706E-003
   6.0406705545144749E-003
   6.0406484632281859E-003
   6.0406263354651005E-003
   6.0406041709505382E-003
   6.0405819694063995E-003
   6.0405597305512775E-003
   6.0405374541005292E-003
   6.0405151397660431E-003
   6.0404927872564924E-003
   6.0404703962781293E-003
   6.0404479665343578E-003
   6.0404254977257958E-003
   6.0404029895503733E-003
   6.0403804417034209E-003
   6.0403578538777650E-003
   6.0403352257638104E-003
   5.6137744745082870E-003
   4.4075930445122355E-003
   3.5071684371426482E-003
   2.8652720258231959E-003
   2.4285315493866515E-003
   2.1399222730185408E-003
   1.9491950227403312E-003
   1.8228084152013550E-003
   1.7313892303334048E-003
   1.6630086469939642E-003
   1.6034903919763626E-003
   1.5511143138158452E-003
   1.5001959737946297E-003
   1.4522606565329672E-003
   1.4308730597845474E-003
   1.2867913675565659E-003
   2.1642478063107042E-003
   6.0401647462453726E-003
   6.0401417639059790E-003
   6.0401187382420488E-003
   6.0400956689241909E-003
   6.0400725556216533E-003
   6.0400493980024041E-003
   6.0400261957332365E-003
   6.0400029484798390E-003
   6.0399796559069069E-003
   6.0399563176782170E-003
   6.0399329334567290E-003
   6.0399095029046654E-003
   6.0398860256836067E-003
   6.0398625014551274E-003
   6.0398389298805541E-003
   6.0398153106202054E-003
   6.0397916433340857E-003
   6.0397679276819934E-003
   6.0397441633236017E-003
   6.0397203499185570E-003
   6.0396964871265594E-003
   6.0396725746074470E-003
   6.0396486120212938E-003
   6.0396245990284791E-003
   6.0396005352897865E-003
   6.0395764204664868E-003
   6.0395522542204131E-003
   6.0395280362140558E-003
   6.0395037661106314E-003
   6.0394794435741639E-003
   6.0394550682695688E-003
   6.0394306398627445E-003
   6.0394061580206345E-003
   6.0393816224113385E-003
   6.0393570327041662E-003
   6.0393323885697334E-003
   6.0393076896800386E-003
   6.0392829357085401E-003
   6.0392581263302401E-003
   6.0392332612217523E-003
   6.0392083400613904E-003
   6.0391833625292393E-003
   6.0391583283072366E-003
   6.0391332370792403E-003
   3.1612618234172453E-003
   1.3748204739099912E-003
   6.2179692584950750E-004
   6.0390865640557031E-003
   6.0390613084074949E-003
   6.0390359945545523E-003
   6.0390106221913740E-003
   6.0389851910147996E-003
   6.0389597007240821E-003
   6.0389341510209537E-003
   6.0389085416096928E-003
   6.0388828721971910E-003
   6.0388571424930268E-003
   6.0388313522095312E-003
   6.0388055010618591E-003
   6.0387795887680441E-003
   6.0387536150490794E-003
   6.0387275796289714E-003
   6.0387014822348012E-003
   6.0386753225968011E-003
   6.0386491004484040E-003
   6.0386228155263118E-003
   6.0385964675705502E-003
   6.0385700563245276E-003
   6.0385435815351121E-003
   6.0385170429526555E-003
   6.0384904403310846E-003
   6.0384637734279389E-003
   6.0384370420044266E-003
   6.0384102458254920E-003
   6.0383833846598765E-003
   6.0383564582802488E-003
   6.0383294664631618E-003
   6.0383024089890880E-003
   6.0382752856424221E-003
   6.0382480962109840E-003
   6.0382208404871811E-003
   6.0381935182673846E-003
   6.0381661293518515E-003
   6.0381386735455867E-003
   6.0381111506579242E-003
   6.0380835605025347E-003
   6.0380559028974734E-003
   6.0380281776652193E-003
   6.0380003846327319E-003
   6.0379725236314775E-003
   6.0379445944974816E-003
   6.0379165970713636E-003
   6.0378885311983812E-003
   6.0378603967284616E-003
   6.0378321935162446E-003
   6.0378039214211499E-003
   6.0377755803074865E-003
   6.0377471700447894E-003
   6.0377186905075852E-003
   6.0376901415753930E-003
   6.0376615231327374E-003
   6.0376328350691599E-003
   6.0376040772792345E-003
   6.0375752496625908E-003
   6.0375463521239276E-003
   6.0375173845730280E-003
   6.0374883469247864E-003
   6.0374592390992120E-003
   6.0374300610214621E-003
   6.0374008126218579E-003
   6.0373714938358920E-003
   6.0373421046042612E-003
   6.0373126448728769E-003
   6.0372831145928839E-003
   6.0372535137206791E-003
   6.0372238422179321E-003
   6.0371941000515929E-003
   6.0371642871939182E-003
   6.0371344036224787E-003
   6.0371044493201780E-003
   6.0370744242752659E-003
   6.0370443284813490E-003
   6.0370141619374143E-003
   6.0369839246478272E-003
   6.0369536166223437E-003
   6.0369232378762027E-003
   6.0368927884299900E-003
   6.0368622683096840E-003
   6.0368316775466909E-003
   6.0368010161783829E-003
   6.0367702842475061E-003
   6.0367394818033864E-003
   6.0367086089050783E-003
   6.0366776656175739E-003
   6.0366466520109857E-003
   6.0366155681592266E-003
   6.0365844141412519E-003
   6.0365531900411270E-003
   6.0365218959480662E-003
   6.0364905319564999E-003
   6.0364590981660474E-003
   6.0364275946815467E-003
   6.0363960216130875E-003
   6.0363643790760577E-003
   6.0363326671911107E-003
   6.0363008860841892E-003
   6.0362690358865302E-003
   6.0362371167346808E-003
   6.0362051287704823E-003
   6.0361730721410498E-003
   6.0361409469987413E-003
   6.0361087535011574E-003
   6.0360764918111548E-003
   6.0360441620968290E-003
   6.0360117645315370E-003
   6.0359792992938730E-003
   6.0359467665676812E-003
   6.0359141665420456E-003
   6.0358814994112883E-003
   6.0358487653749586E-003
   6.0358159646378227E-003
   6.0357830974150156E-003
   6.0357501639966508E-003
   6.0357171646244663E-003
   6.0356840995193983E-003
   6.0356509689081673E-003
   6.0356177730228472E-003
   6.0355845120997958E-003
   6.0355511863806142E-003
   4.4031491288943087E-003
   6.0354933960302028E-003
   6.0354598947209327E-003
   6.0354263295644807E-003
   6.0353927008279231E-003
   6.0353590087863229E-003
   6.0353252537576887E-003
   6.0352914360406957E-003
   6.0352575559234883E-003
   6.0352236136991550E-003
   6.0351896096655713E-003
   9.4065337844139590E-004
   6.0351502290827749E-003
   6.0351160928318976E-003
   6.0350818957427927E-003
   6.0350476381334514E-003
   6.0350133203267544E-003
   6.0349789426504333E-003
   6.0349445054370390E-003
   6.0349100090239024E-003
   6.0348754537531014E-003
   6.0348408399714141E-003
   6.0348061680302973E-003
   6.0347714382858342E-003
   6.0347366510987085E-003
   6.0347018068341585E-003
   6.0346669058619368E-003
   6.0346319485564169E-003
   6.0345969352973506E-003
   6.0345618664721648E-003
   6.0345267424728039E-003
   6.0344915636952375E-003
   6.0344563305394410E-003
   6.0344210434093515E-003
   6.0343857027128373E-003
   6.0343503088616714E-003
   6.0343148622715014E-003
   6.0342793633618112E-003
   6.0342438125559157E-003
   6.0342082102809386E-003
   6.0341725569677826E-003
   6.0341368530510793E-003
   6.0341010989691558E-003
   6.0340652951639860E-003
   6.0340294420811640E-003
   6.0339935401698451E-003
   6.0339575898827368E-003
   6.0339215916760279E-003
   6.0338855460093837E-003
   6.0338494533458834E-003
   6.0338133141522058E-003
   6.0337771288993484E-003
   6.0337408980628846E-003
   6.0337046221216563E-003
   6.0336683015578298E-003
   6.0336319368568328E-003
   6.0335955285073942E-003
   6.0335590770015709E-003
   6.0335225828348250E-003
   6.0334860465058879E-003
   6.0334494685166688E-003
   6.0334128493721986E-003
   6.0333761895805197E-003
   6.0333394896526374E-003
   6.0333027501024410E-003
   6.0332659714466439E-003
   6.0332291542047238E-003
   6.0331922988988386E-003
   6.0331554060537576E-003
   6.0331184761968021E-003
   6.0330815098577992E-003
   6.0330445075690471E-003
   6.0330074698652630E-003
   6.0329703972835406E-003
   6.0329332903633253E-003
   6.0328961496463511E-003
   6.0328589756766093E-003
   6.0328217690003207E-003
   6.0327845301658784E-003
   6.0327472597238325E-003
   6.0327099582268362E-003
   6.0326726262296126E-003
   6.0326352642889125E-003
   6.0325978729634825E-003
   6.0325604528140096E-003
   6.0325230044030965E-003
   6.0324855282952051E-003
   6.0324480250566236E-003
   6.0324104952553734E-003
   6.0323729394610439E-003
   6.0323353582449344E-003
   6.0322977521800637E-003
   6.0322601218035354E-003
   6.0322224676346414E-003
   6.0321847902529658E-003
   6.0321470902407861E-003
   6.0321093681809561E-003
   6.0320716246570231E-003
   6.0320338602533182E-003
   6.0319960755550323E-003
   6.0319582711482614E-003
   6.0319204476200552E-003
   6.0318826055584304E-003
   6.0318447455523878E-003
   6.0318068681919105E-003
   6.0317689740679598E-003
   6.0317310637724589E-003
   6.0316931378982799E-003
   6.0316551970392160E-003
   6.0316172417899539E-003
   6.0315792727460484E-003
   6.0315412905038793E-003
   6.0315032956606250E-003
   6.0314652888142284E-003
   6.0314272705633406E-003
   6.0313892415073053E-003
   6.0313512022226907E-003
   6.0313131532572992E-003
   6.0312750952019436E-003
   6.0312370286519264E-003
   6.0311989542037106E-003
   6.0311608724548521E-003
   6.0311227840038938E-003
   6.0310846894502876E-003
   6.0310465893943059E-003
   6.0310084844369567E-003
   6.0309703751799445E-003
   6.0309322622256007E-003
   6.0308941461768226E-003
   6.0308560276369893E-003
   6.0308179072098922E-003
   6.0307797854996592E-003
   6.0307416631106827E-003
   6.0307035406475607E-003
   6.0306654187150203E-003
   6.0306272979178703E-003
   6.0305891788609229E-003
   6.0305510621489434E-003
   6.0305129483866002E-003
   6.0304748381783966E-003
   6.0304367321286235E-003
   6.0303986308413082E-003
   6.0303605349201683E-003
   6.0303224449685536E-003
   6.0302843615894029E-003
   6.0302462853852046E-003
   6.0302082169579451E-003
   6.0301701569090626E-003
   6.0301321058394168E-003
   6.0300940643492375E-003
   6.0300560330380859E-003
   6.0300180125060976E-003
   6.0299800033920929E-003
   6.0299420063295800E-003
   6.0299040219227960E-003
   6.0298660507744108E-003
   6.0298280934855354E-003
   6.0297901506557424E-003
   6.0297522228830707E-003
   6.0297143107640319E-003
   6.0296764148936258E-003
   6.0296385358653342E-003
   6.0296006742711307E-003
   6.0295628307014794E-003
   6.0295250057453261E-003
   6.0294871999900957E-003
   6.0294494140216755E-003
   6.0294116484244280E-003
   6.0293739037811699E-003
   6.0293361806731845E-003
   6.0292984796801964E-003
   6.0292608013803768E-003
   6.0292231463503305E-003
   6.0291855151650827E-003
   6.0291479083980810E-003
   6.0291103266211857E-003
   6.0290727704046809E-003
   6.0290352403172673E-003
   6.0289977369259347E-003
   6.0289570737382930E-003
   6.0289005437998318E-003
   6.0288440453594933E-003
   6.0287875792043588E-003
   6.0287311460995655E-003
   6.0286747467961331E-003
   6.0286183820710834E-003
   6.0285620527001614E-003
   6.0285057594564500E-003
   6.0284495031108914E-003
   6.0283932844321401E-003
   6.0283371041864754E-003
   6.0282809631378876E-003
   6.0282248620482804E-003
   6.0281688017051107E-003
   6.0281127828923703E-003
   6.0280568063593070E-003
   6.0280008728521095E-003
   6.0279449831141842E-003
   6.0278891378861485E-003
   6.0278333379058047E-003
   6.0277775839081248E-003
   6.0277218766252132E-003
   6.0276662167862895E-003
   6.0276106051176514E-003
   6.0275550423426454E-003
   6.0274995291816329E-003
   6.0274440663519542E-003
   6.0273886545679041E-003
   6.0273332945406811E-003
   6.0272779869783568E-003
   6.0272227325858449E-003
   6.0271675320648539E-003
   6.0271123861138799E-003
   6.0270572954281539E-003
   6.0270022607000900E-003
   6.0269472826388545E-003
   6.0268923619477485E-003
   6.0268374993106251E-003
   6.0267826954078793E-003
   6.0267279509164098E-003
   6.0266732665095859E-003
   6.0266186428572059E-003
   6.0265640806254793E-003
   6.0265095804769896E-003
   6.0264551430706760E-003
   6.0264007690618154E-003
   6.0263464591019840E-003
   6.0262922138390584E-003
   6.0262380339171787E-003
   6.0261839199767528E-003
   6.0261298726544165E-003
   6.0260758925830410E-003
   6.0260219803917065E-003
   6.0259681367056976E-003
   6.0259143621464789E-003
   6.0258606573317004E-003
   6.0258070228751690E-003
   6.0257534593869599E-003
   6.0256999674735924E-003
   6.0256465477378767E-003
   6.0255932007786169E-003
   6.0255399271906410E-003
   6.0254867275648123E-003
   6.0254336024880327E-003
   6.0253805525432432E-003
   6.0253275783094251E-003
   6.0252746803616149E-003
   6.0252218592708783E-003
   6.0251691156043502E-003
   6.0251164499252000E-003
   6.0250638627926496E-003
   6.0250113547619709E-003
   6.0249589263844817E-003
   6.0249065782075565E-003
   6.0248543107746053E-003
   6.0248021246251037E-003
   6.0247500202945713E-003
   6.0246979983145758E-003
   6.0246460592127430E-003
   6.0245942035127478E-003
   6.0245424317343192E-003
   6.0244907443932393E-003
   6.0244391420013381E-003
   6.0243876250665055E-003
   6.0243361940926802E-003
   6.0242848495798652E-003
   6.0242335920241115E-003
   6.0241824219175264E-003
   6.0241313397482853E-003
   6.0240803460006199E-003
   6.0240294411548212E-003
   6.0239786256872513E-003
   6.0239279000703395E-003
   6.0238772647725827E-003
   6.0238267202585597E-003
   6.0237762669889221E-003
   6.0237259054203999E-003
   6.0236756360058210E-003
   6.0236254591940928E-003
   6.0235753754302205E-003
   6.0235253851553157E-003
   6.0234754888065902E-003
   6.0234256868173701E-003
   6.0233759796170941E-003
   6.0233263676313323E-003
   6.0232768512817510E-003
   6.0232274309860367E-003
   6.0231781071579723E-003
   6.0231288802075015E-003
   6.0230797505407404E-003
   6.0230307185599845E-003
   6.0229817846637100E-003
   6.0229329492465875E-003
   6.0228842126994796E-003
   6.0228355754094673E-003
   6.0227870377598369E-003
   6.0227386001301102E-003
   6.0226902628960329E-003
   6.0226420264296024E-003
   6.0225938910990640E-003
   6.0225458572689336E-003
   6.0224979252999911E-003
   6.0224500955493136E-003
   6.0224023683702593E-003
   6.0223547441125040E-003
   6.0223072231220358E-003
   6.0222598057411746E-003
   6.0222124923085792E-003
   6.0221652831592620E-003
   6.0221181786246003E-003
   6.0220711790323492E-003
   6.0220242847066523E-003
   6.0219774959680596E-003
   6.0219308131335336E-003
   6.0218842365164582E-003
   6.0218377664266768E-003
   6.0217914031704687E-003
   6.0217451470505959E-003
   6.0216989983662966E-003
   6.0216529574133098E-003
   6.0216070244838776E-003
   6.0215611998667767E-003
   6.0215154838473171E-003
   6.0214698767074503E-003
   6.0214243787259968E-003
   6.0213789901783932E-003
   6.0213337113365819E-003
   6.0212885424690381E-003
   6.0212434838407998E-003
   6.0211985357134850E-003
   6.0211536983453247E-003
   6.0211089719911792E-003
   6.0210643569025704E-003
   6.0210198533277087E-003
   6.0209754615114935E-003
   6.0209311816955260E-003
   6.0208870141181458E-003
   6.0208429590144375E-003
   6.0207990166162581E-003
   6.0207551871522486E-003
   6.0207114708478691E-003
   6.0206678679253951E-003
   6.0206243786039594E-003
   6.0205810030995541E-003
   6.0205377416250559E-003
   6.0204945943902475E-003
   6.0204515616018323E-003
   6.0204086434634619E-003
   6.0203658401757369E-003
   6.0203231519362450E-003
   6.0202805789395511E-003
   6.0202381213772440E-003
   6.0201957794379334E-003
   6.0201535533072727E-003
   6.0201114431679761E-003
   6.0200694491998417E-003
   6.0200275715797591E-003
   6.0199858104817367E-003
   6.0199441660769111E-003
   6.0199026385335704E-003
   6.0198612280171725E-003
   6.0198199346903555E-003
   6.0197787587129657E-003
   6.0197377002420682E-003
   6.0196967594319650E-003
   6.0196559364342197E-003
   6.0196152313976674E-003
   6.0195746444684393E-003
   6.0195341757899729E-003
   6.0194938255030373E-003
   6.0194535937457480E-003
   6.0194134806535867E-003
   6.0193734863594178E-003
   6.0193336109935040E-003
   6.0192938546835290E-003
   6.0192542175546131E-003
   6.0192146997293337E-003
   6.0191753013277404E-003
   6.0191360224673704E-003
   6.0190968632632749E-003
   6.0190578238280270E-003
   6.0190189042717539E-003
   6.0189801047021308E-003
   6.0189414252244328E-003
   6.0189028659415264E-003
   6.0188644269538955E-003
   6.0188261083596621E-003
   6.0187879102546020E-003
   6.0187498327321605E-003
   6.0187118758834712E-003
   6.0186740397973710E-003
   6.0186363245604262E-003
   6.0185987302569339E-003
   6.0185612569689587E-003
   6.0185239047763342E-003
   6.0184866737566902E-003
   6.0184495639854655E-003
   6.0184125755359252E-003
   6.0183757084791836E-003
   6.0183389628842123E-003
   6.0183023388178667E-003
   6.0182658363448927E-003
   6.0182242709937274E-003
   6.0181710055592580E-003
   6.0181178848149677E-003
   6.0180649087541458E-003
   6.0180120773657255E-003
   6.0179593906344734E-003
   6.0179068485411357E-003
   6.0178544510625983E-003
   6.0178021981720032E-003
   6.0177500898388678E-003
   6.0176981260291950E-003
   6.0176463067055600E-003
   6.0175946318272123E-003
   6.0175431013501342E-003
   6.0174917152271308E-003
   6.0174404734078864E-003
   6.0173893758390237E-003
   6.0173384224641796E-003
   6.0172876132240320E-003
   6.0172369480563656E-003
   6.0171864268961104E-003
   6.0171360496753881E-003
   6.0170858163235558E-003
   6.0170357267672354E-003
   6.0169857809303619E-003
   6.0169359787342024E-003
   6.0168863200974077E-003
   6.0168368049360339E-003
   6.0167874331635710E-003
   6.0167382046909810E-003
   6.0166891194267233E-003
   6.0166401772767750E-003
   6.0165913781446770E-003
   6.0165427219315360E-003
   6.0164942085360702E-003
   6.0164458378546325E-003
   6.0163976097812192E-003
   6.0163495242075175E-003
   6.0163015810229129E-003
   6.0162537801145164E-003
   6.0162061213671980E-003
   6.0161586046635932E-003
   6.0161112298841466E-003
   6.0160639969071084E-003
   6.0160169056085793E-003
   6.0159699558625258E-003
   6.0159231475408010E-003
   6.0158764805131552E-003
   6.0158299546472860E-003
   6.0157835698088280E-003
   6.0157373258613979E-003
   6.0156912226665945E-003
   6.0156452600840437E-003
   6.0155994379714013E-003
   6.0155537561843745E-003
   6.0155082145767541E-003
   6.0154628130004223E-003
   6.0154175513053819E-003
   6.0153724293397675E-003
   6.0153274469498721E-003
   6.0152826039801717E-003
   6.0152379002733321E-003
   6.0151933356702306E-003
   6.0151489100099915E-003
   6.0151046231299837E-003
   6.0150604748658550E-003
   6.0150164650515404E-003
   6.0149725935192940E-003
   6.0149288600996982E-003
   6.0148852646216763E-003
   6.0148418069125298E-003
   6.0147984867979414E-003
   6.0147553041019989E-003
   6.0147122586472115E-003
   6.0146693502545340E-003
   6.0146265787433704E-003
   6.0145839439316139E-003
   6.0145414456356421E-003
   6.0144990836703462E-003
   6.0144568578491481E-003
   6.0144147679840176E-003
   6.0143728138854846E-003
   6.0143309953626647E-003
   6.0142893122232689E-003
   6.0142477642736248E-003
   6.0142063513186862E-003
   6.0141650731620625E-003
   6.0141239296060255E-003
   6.0140829204515271E-003
   6.0140420454982144E-003
   6.0140013045444545E-003
   6.0139606973873385E-003
   6.0139202238227076E-003
   6.0138798836451594E-003
   6.0138396766480744E-003
   6.0137996026236188E-003
   6.0137596613627766E-003
   6.0137198526553437E-003
   6.0136801762899631E-003
   6.0136406320541302E-003
   6.0136012197342034E-003
   6.0135619391154336E-003
   6.0135227899819630E-003
   6.0134837721168496E-003
   6.0134448853020770E-003
   6.0134061293185704E-003
   6.0133675039462124E-003
   6.0133290089638587E-003
   6.0132906441493347E-003
   6.0132524092794881E-003
   6.0132143041301519E-003
   6.0131763284762040E-003
   6.0131384820915510E-003
   6.0131007647491541E-003
   6.0130631762210420E-003
   6.0130257162783170E-003
   6.0129883846911803E-003
   6.0129511812289311E-003
   6.0129141056599906E-003
   6.0128771577519060E-003
   6.0128403372713716E-003
   6.0128036439842311E-003
   6.0127670776554979E-003
   6.0127306380493382E-003
   6.0126943249291078E-003
   6.0126581380573673E-003
   6.0126220771958916E-003
   6.0125861421056730E-003
   6.0125503325469528E-003
   6.0125146482792160E-003
   6.0124790890612153E-003
   6.0124436546509690E-003
   6.0124083448057928E-003
   6.0123731592822919E-003
   6.0123380978363804E-003
   6.0123031602232922E-003
   6.0122683461975909E-003
   6.0122336555131842E-003
   6.0121990879233242E-003
   6.0121646431806324E-003
   6.0121303210371032E-003
   6.0120961212441013E-003
   6.0120620435523990E-003
   6.0120280877121596E-003
   6.0119942534729671E-003
   6.0119605405838245E-003
   6.0119269487931646E-003
   6.0118934778488637E-003
   6.0118601274982506E-003
   6.0118268974881104E-003
   6.0117937875646971E-003
   6.0117607974737499E-003
   6.0117279269604838E-003
   6.0116951757696203E-003
   6.0116625436453849E-003
   6.0116300303315051E-003
   6.0115976355712497E-003
   6.0115653591074035E-003
   6.0115332006822932E-003
   6.0115011600377971E-003
   6.0114692369153443E-003
   6.0114374310559320E-003
   6.0114057422001261E-003
   6.0113741700880746E-003
   6.0113427144595066E-003
   6.0113113750537564E-003
   6.0112801516097490E-003
   6.0112490438660347E-003
   6.0112180515607683E-003
   6.0111871744317324E-003
   6.0111564122163480E-003
   6.0111257646516683E-003
   6.0110952314743988E-003
   6.0110648124208936E-003
   6.0110345072271728E-003
   6.0110043156289157E-003
   6.0109742373614878E-003
   6.0109442721599238E-003
   6.0109144197589507E-003
   6.0108846798929893E-003
   6.0108550522961560E-003
   6.0108255367022842E-003
   6.0107961328449075E-003
   6.0107668404572852E-003
   6.0107376592724018E-003
   6.0107085890229676E-003
   6.0106796294414344E-003
   6.0106507802599966E-003
   6.0106220412105924E-003
   6.0105934120249192E-003
   6.0105648924344323E-003
   6.0105364821703457E-003
   6.0105081809636550E-003
   6.0104799885451225E-003
   6.0104519046452962E-003
   6.0104239289945106E-003
   6.0103960613228855E-003
   6.0103683013603441E-003
   6.0103406488366080E-003
   6.0103131034812043E-003
   6.0102856650234753E-003
   6.0102583331925726E-003
   6.0102311077174734E-003
   6.0102039883269771E-003
   6.0101769747497140E-003
   6.0101500667141504E-003
   6.0101232639485870E-003
   6.0100965661811726E-003
   6.0100699731398966E-003
   6.0100434845526060E-003
   6.0100171001469995E-003
   6.0099908196506371E-003
   6.0099646427909407E-003
   6.0099385692952015E-003
   6.0099125988905813E-003
   6.0098867313041187E-003
   6.0098609662627249E-003
   6.0098353034932018E-003
   6.0098097427222332E-003
   6.0097842836763990E-003
   6.0097589260821602E-003
   6.0097336696658859E-003
   6.0097085141538375E-003
   6.0096834592721889E-003
   6.0096585047470126E-003
   6.0096336503042917E-003
   6.0096088956699293E-003
   6.0095842405697396E-003
   6.0095596847294565E-003
   6.0095352278747389E-003
   6.0095108697311673E-003
   6.0094866100242512E-003
   6.0094624484794360E-003
   6.0094383848220950E-003
   6.0094144187775415E-003
   6.0093905500710259E-003
   6.0093667784277471E-003
   6.0093431035728390E-003
   6.0093195252313887E-003
   6.0092960431284339E-003
   6.0092726569889576E-003
   6.0092493665379054E-003
   6.0092261715001772E-003
   6.0092030716006302E-003
   6.0091800665640861E-003
   6.0091571561153266E-003
   6.0091343399790971E-003
   6.0091116178801187E-003
   6.0090889895430821E-003
   6.0090664546926407E-003
   6.0090440130534306E-003
   6.0090216643500652E-003
   6.0089994083071269E-003
   6.0089772446491902E-003
   6.0089551731008026E-003
   6.0089331933865031E-003
   6.0089113052308107E-003
   6.0088895083582339E-003
   6.0088678024932743E-003
   6.0088461873604162E-003
   6.0088246626841448E-003
   6.0088032281889331E-003
   6.0087818835992618E-003
   6.0087606286395928E-003
   6.0087394630344041E-003
   6.0087183865081594E-003
   6.0086973987853332E-003
   6.0086764995904039E-003
   6.0086556886478504E-003
   6.0086349656821650E-003
   6.0086143304178370E-003
   6.0085937825793750E-003
   6.0085733218912980E-003
   6.0085529480781302E-003
   6.0085326608644079E-003
   6.0085124599746961E-003
   6.0084923451335561E-003
   6.0084723160655808E-003
   6.0084523724953723E-003
   6.0084325141475563E-003
   6.0084127407467802E-003
   6.0083930520177043E-003
   6.0083734476850210E-003
   6.0083539274734393E-003
   6.0083344911076968E-003
   6.0083151383125552E-003
   6.0082958688128015E-003
   6.0082766823332540E-003
   6.0082575785987535E-003
   6.0082385573341753E-003
   6.0082196182644210E-003
   6.0082007611144293E-003
   6.0081819856091659E-003
   6.0081632914736312E-003
   6.0081446784328594E-003
   6.0081261462119201E-003
   6.0081076945359170E-003
   6.0080893231299918E-003
   6.0080710317193227E-003
   6.0080528200291260E-003
   6.0080346877846606E-003
   6.0080166347112156E-003
   6.0079986605341279E-003
   6.0079807649787804E-003
   6.0079629477705855E-003
   6.0079452086350058E-003
   6.0079275472975499E-003
   6.0079099634837620E-003
   6.0078924569192385E-003
   6.0078750273296188E-003
   6.0078576744405894E-003
   6.0078403979778802E-003
   6.0078231976672773E-003
   6.0078060732346060E-003
   6.0077890244057434E-003
   6.0077720509066216E-003
   6.0077551524632157E-003
   6.0077383288015601E-003
   6.0077215796477297E-003
   6.0077049047278621E-003
   6.0076883037681432E-003
   6.0076717764948164E-003
   6.0076553226341717E-003
   6.0076389419125653E-003
   6.0076226340564001E-003
   6.0076063987921377E-003
   6.0075902358462992E-003
   6.0075741449454644E-003
   6.0075581258162659E-003
   6.0075421781853955E-003
   6.0075263017796187E-003
   6.0075104963257398E-003
   6.0074947615506372E-003
   6.0074790971812522E-003
   6.0074635029445829E-003
   6.0074479785676939E-003
   6.0074325237777105E-003
   6.0074171383018224E-003
   6.0074018218672920E-003
   6.0073865742014355E-003
   6.0073713950316446E-003
   6.0073562840853769E-003
   6.0073412410901516E-003
   6.0073262657735702E-003
   6.0073113578632854E-003
   6.0072965170870352E-003
   6.0072817431726169E-003
   6.0072670358479142E-003
   6.0072523948408634E-003
   6.0072378198794910E-003
   6.0072233106918923E-003
   6.0072088670062298E-003
   6.0071944885507489E-003
   6.0071801750537718E-003
   6.0071659262436947E-003
   6.0071517418489933E-003
   6.0071376215982165E-003
   6.0071235652200006E-003
   6.0071095724430583E-003
   6.0070956429961854E-003
   6.0070817766082543E-003
   6.0070679730082257E-003
   6.0070542319251461E-003
   6.0070405530881377E-003
   6.0070269362264162E-003
   6.0070133810692797E-003
   6.0069998873461148E-003
   6.0069864547864001E-003
   6.0069730831196965E-003
   6.0069597720756656E-003
   6.0069465213840453E-003
   6.0069333307746749E-003
   6.0069201999774910E-003
   6.0069071287225202E-003
   6.0068941167398769E-003
   6.0068811637597874E-003
   6.0068682695125610E-003
   6.0068554337286148E-003
   6.0068426561384614E-003
   6.0068299364727162E-003
   6.0068172744620939E-003
   6.0068046698374157E-003
   6.0067921223296043E-003
   6.0067796316696882E-003
   6.0067671975888052E-003
   6.0067548198181955E-003
   6.0067424980892112E-003
   6.0067302321333213E-003
   6.0067180216820896E-003
   6.0067058664672124E-003
   6.0066937662204885E-003
   6.0066817206738295E-003
   6.0066697295592716E-003
   6.0066577926089649E-003
   6.0066459095551809E-003
   6.0066340801303107E-003
   6.0066223040668668E-003
   6.0066105810974851E-003
   6.0065989109549297E-003
   6.0065872933720860E-003
   6.0065757280819716E-003
   6.0065642148177311E-003
   6.0065527533126424E-003
   6.0065413433001121E-003
   6.0065299845136824E-003
   6.0065186766870299E-003
   6.0065074195539744E-003
   6.0064962128484637E-003
   6.0064850563045936E-003
   6.0064739496566008E-003
   6.0064628926388593E-003
   6.0064518849858974E-003
   6.0064409264323857E-003
   6.0064300167131379E-003
   6.0064191555631290E-003
   6.0064083427174763E-003
   6.0063975779114567E-003
   6.0063868608804978E-003
   6.0063761913601871E-003
   6.0063655690862743E-003
   6.0063549937946614E-003
   6.0063444652214198E-003
   6.0063339831027841E-003
   6.0063235471751542E-003
   6.0063131571750977E-003
   6.0063028128393547E-003
   6.0062925139048344E-003
   6.0062822601086238E-003
   6.0062720511879809E-003
   6.0062618868803467E-003
   6.0062517669233380E-003
   6.0062416910547584E-003
   6.0062316590125883E-003
   6.0062216705350025E-003
   6.0062117253603569E-003
   6.0062018232272044E-003
   6.0061919638742843E-003
   6.0061821470405279E-003
   6.0061723724650767E-003
   6.0061626398872558E-003
   6.0061529490466016E-003
   6.0061432996828456E-003
   6.0061336915359304E-003
   6.0061241243460038E-003
   6.0061145978534246E-003
   6.0061051117987607E-003
   6.0060956659228016E-003
   6.0060862599665447E-003
   6.0060768936712073E-003
   6.0060675667782393E-003
   6.0060582790292969E-003
   6.0060490301662769E-003
   6.0060398199312977E-003
   6.0060306480667069E-003
   6.0060215143150899E-003
   6.0060124184192643E-003
   6.0060033601222898E-003
   6.0059943391674612E-003
   6.0059853552983178E-003
   6.0059764082586497E-003
   6.0059674977924879E-003
   6.0059586236441151E-003
   6.0059497855580709E-003
   6.0059409832791443E-003
   6.0059322165523918E-003
   6.0059234851231220E-003
   6.0059147887369076E-003
   6.0059061271395941E-003
   6.0058975000772856E-003
   6.0058889072963605E-003
   6.0058803485434770E-003
   6.0058718235655667E-003
   6.0058633321098337E-003
   6.0058548739237707E-003
   6.0058464487551550E-003
   6.0058380563520449E-003
   6.0058296964627961E-003
   6.0058213688360526E-003
   6.0058130732207528E-003
   6.0058048093661375E-003
   6.0057965770217445E-003
   6.0057883759374112E-003
   6.0057802058632974E-003
   6.0057720665498511E-003
   6.0057639577478462E-003
   6.0057558792083691E-003
   6.0057478306828191E-003
   6.0057398119229208E-003
   6.0057318226807216E-003
   6.0057238627085905E-003
   6.0057159317592340E-003
   6.0057080295856796E-003
   6.0057001559412999E-003
   6.0056923105797962E-003
   6.0056844932552186E-003
   6.0056767037219589E-003
   6.0056689417347462E-003
   6.0056612070486723E-003
   6.0056534994191741E-003
   6.0056458186020442E-003
   6.0056381643534325E-003
   6.0056305364298524E-003
   6.0056229345881763E-003
   6.0056153585856548E-003
   6.0056078081798976E-003
   6.0056002831288917E-003
   6.0055927831909979E-003
   6.0055853081249586E-003
   6.0055778576898972E-003
   6.0055704316453245E-003
   6.0055630297511297E-003
   6.0055556517676061E-003
   6.0055482974554321E-003
   6.0055409665756877E-003
   6.0055336588898485E-003
   6.0055263741597940E-003
   6.0055191121478144E-003
   6.0055118726166047E-003
   6.0055046553292709E-003
   6.0054974600493409E-003
   6.0054902865407508E-003
   6.0054831345678662E-003
   6.0054760038954734E-003
   6.0054688942887836E-003
   6.0054618055134460E-003
   6.0054547373355341E-003
   6.0054476895215628E-003
   6.0054406618384841E-003
   6.0054336540536967E-003
   6.0054266659350375E-003
   6.0054196972508019E-003
   6.0054127477697254E-003
   6.0054058172610046E-003
   6.0053989054942953E-003
   6.0053920122397084E-003
   6.0053851372678249E-003
   6.0053782803496866E-003
   6.0053714412568069E-003
   6.0053646197611703E-003
   6.0053578156352436E-003
   6.0053510286519679E-003
   6.0053442585847614E-003
   6.0053375052075350E-003
   6.0053307682946828E-003
   6.0053240476210914E-003
   6.0053173429621392E-003
   6.0053106540937018E-003
   6.0053039807921585E-003
   6.0052973228343848E-003
   6.0052906799977655E-003
   6.0052840520601961E-003
   6.0052774388000777E-003
   6.0052708399963312E-003
   6.0052642554283909E-003
   6.0052576848762156E-003
   6.0052511281202823E-003
   6.0052445849415985E-003
   6.0052380551217028E-003
   6.0052315384426574E-003
   6.0052250346870678E-003
   6.0052185436380717E-003
   6.0052120650793493E-003
   6.0052055987951268E-003
   6.0051991445701754E-003
   6.0051927021898092E-003
   6.0051862714399070E-003
   6.0051798521068870E-003
   6.0051734439777399E-003
   6.0051670468400107E-003
   6.0051606604818019E-003
   6.0051542846917914E-003
   6.0051479192592223E-003
   6.0051415639739061E-003
   6.0051352186262343E-003
   6.0051288830071702E-003
   6.0051225569082616E-003
   6.0051162401216322E-003
   6.0051099324400009E-003
   6.0051036336566622E-003
   6.0050973435655138E-003
   6.0050910619610350E-003
   6.0050847886383082E-003
   6.0050785233930126E-003
   6.0050722660214273E-003
   6.0050660163204336E-003
   6.0050597740875242E-003
   6.0050535391207947E-003
   6.0050473112189546E-003
   6.0050410901813286E-003
   6.0050348758078544E-003
   6.0050286678990936E-003
   6.0050224662562190E-003
   6.0050162706810403E-003
   6.0050100809759845E-003
   6.0050038969441093E-003
   6.0049977183891040E-003
   6.0049915451152918E-003
   6.0049853769276315E-003
   6.0049792136317179E-003
   6.0049730550337903E-003
   6.0049669009407227E-003
   6.0049607511600466E-003
   6.0049546054999339E-003
   6.0049484637692014E-003
   6.0049423257773271E-003
   6.0049361913344394E-003
   6.0049300602513190E-003
   6.0049239323394128E-003
   6.0049178074108190E-003
   6.0049116852783115E-003
   6.0049055657553137E-003
   6.0048994486559320E-003
   6.0048933337949247E-003
   6.0048872209877381E-003
   6.0048811100504801E-003
   6.0048750007999406E-003
   6.0048688930535816E-003
   6.0048627866295477E-003
   6.0048566813466642E-003
   6.0048505770244395E-003
   6.0048444734830649E-003
   6.0048383705434234E-003
   6.0048322680270813E-003
   6.0048261657563015E-003
   6.0048200635540293E-003
   6.0048139612439164E-003
   6.0048078586503037E-003
   6.0048017555982287E-003
   6.0047956519134332E-003
   6.0047895474223583E-003
   6.0047834419521464E-003
   6.0047773353306471E-003
   6.0047712273864091E-003
   6.0047651179487025E-003
   6.0047590068474923E-003
   6.0047528939134636E-003
   6.0047467789780115E-003
   6.0047406618732426E-003
   6.0047345424319833E-003
   6.0047284204877757E-003
   6.0047222958748720E-003
   6.0047161684282603E-003
   6.0047100379836361E-003
   6.0047039043774220E-003
   6.0046977674467657E-003
   6.0046916270295424E-003
   6.0046854829643448E-003
   6.0046793350905002E-003
   6.0046731832480672E-003
   6.0046670272778258E-003
   6.0046608670212970E-003
   6.0046547023207223E-003
   6.0046485330190937E-003
   6.0046423589601248E-003
   6.0046361799882628E-003
   6.0046299959487072E-003
   6.0046238066873764E-003
   6.0046176120509432E-003
   6.0046114118868094E-003
   6.0046052060431293E-003
   6.0045989943687834E-003
   6.0045927767134067E-003
   6.0045865529273750E-003
   6.0045803228618057E-003
   6.0045740863685646E-003
   6.0045678433002618E-003
   6.0045615935102534E-003
   6.0045553368526430E-003
   6.0045490731822837E-003
   6.0045428023547788E-003
   6.0045365242264708E-003
   6.0045302386544687E-003
   6.0045239454966214E-003
   6.0045176446115317E-003
   6.0045113358585473E-003
   6.0045050190977844E-003
   6.0044986941900948E-003
   6.0044923609970935E-003
   6.0044860193811432E-003
   6.0044796692053691E-003
   6.0044733103336422E-003
   6.0044669426305907E-003
   6.0044605659616010E-003
   6.0044541801928105E-003
   6.0044477851911139E-003
   6.0044413808241631E-003
   6.0044349669603645E-003
   6.0044285434688819E-003
   6.0044221102196369E-003
   6.0044156670832991E-003
   6.0044092139313098E-003
   6.0044027506358493E-003
   6.0043962770698700E-003
   6.0043897931070771E-003
   6.0043832986219235E-003
   6.0043767934896295E-003
   6.0043702775861695E-003
   6.0043637507882696E-003
   6.0043572129734168E-003
   6.0043506640198568E-003
   6.0043441038065849E-003
   6.0043375322133578E-003
   6.0043309491206844E-003
   6.0043243544098306E-003
   6.0043177479628179E-003
   6.0043111296624214E-003
   6.0043044993921720E-003
   6.0042978570363538E-003
   6.0042912024800069E-003
   6.0042845356089196E-003
   6.0042778563096384E-003
   6.0042711644694583E-003
   6.0042644599764333E-003
   6.0042577427193563E-003
   6.0042510125877836E-003
   6.0042442694720165E-003
   6.0042375132631073E-003
   6.0042307438528493E-003
   6.0042239611338005E-003
   6.0042171649992504E-003
   6.0042103553432456E-003
   6.0042035320605775E-003
   6.0041966950467752E-003
   6.0041898441981212E-003
   6.0041829794116484E-003
   6.0041761005851105E-003
   6.0041692076170244E-003
   6.0041623004066366E-003
   6.0041553788539419E-003
   6.0041484428596708E-003
   6.0041414923252892E-003
   6.0041345271530039E-003
   6.0041275472457597E-003
   6.0041205525072344E-003
   6.0041135428418437E-003
   6.0041065181547278E-003
   6.0040994783517702E-003
   6.0040924233395795E-003
   6.0040853530254909E-003
   6.0040782673175799E-003
   6.0040711661246346E-003
   6.0040640493561849E-003
   6.0040569169224692E-003
   6.0040497687344633E-003
   6.0040426047038610E-003
   6.0040354247430745E-003
   6.0040282287652357E-003
   6.0040210166841983E-003
   6.0040137884145315E-003
   6.0040065438715208E-003
   6.0039992829711624E-003
   6.0039920056301687E-003
   6.0039847117659634E-003
   6.0039774012966771E-003
   6.0039700741411472E-003
   6.0039627302189225E-003
   6.0039553694502560E-003
   6.0039479917560964E-003
   6.0039405970581062E-003
   6.0039331852786374E-003
   6.0039257563407437E-003
   6.0039183101681789E-003
   6.0039108466853879E-003
   6.0039033658175079E-003
   6.0038958674903707E-003
   6.0038883516304979E-003
   6.0038808181650935E-003
   6.0038732670220536E-003
   6.0038656981299563E-003
   6.0038581114180605E-003
   6.0038505068163066E-003
   6.0038428842553154E-003
   6.0038352436663795E-003
   6.0038275849814702E-003
   6.0038199081332297E-003
   6.0038122130549754E-003
   6.0038044996806855E-003
   6.0037967679450067E-003
   6.0037890177832582E-003
   6.0037812491314096E-003
   6.0037734619261002E-003
   6.0037656561046249E-003
   6.0037578316049327E-003
   6.0037499883656307E-003
   6.0037421263259708E-003
   6.0037342454258629E-003
   6.0037263456058608E-003
   6.0037184268071633E-003
   6.0037104889716112E-003
   6.0037025320416916E-003
   6.0036945559605211E-003
   6.0036865606718616E-003
   6.0036785461201007E-003
   6.0036705122502674E-003
   6.0036624590080112E-003
   6.0036543863396154E-003
   6.0036462941919803E-003
   6.0036381825126356E-003
   6.0036300512497287E-003
   6.0036219003520219E-003
   6.0036137297688934E-003
   6.0036055394503398E-003
   6.0035973293469580E-003
   6.0035890994099622E-003
   6.0035808495911610E-003
   6.0035725798429761E-003
   6.0035642901184252E-003
   6.0035559803711201E-003
   6.0035476505552752E-003
   6.0035393006256897E-003
   6.0035309305377588E-003
   6.0035225402474569E-003
   6.0035141297113525E-003
   6.0035056988865928E-003
   6.0034972477309000E-003
   6.0034887762025818E-003
   6.0034802842605069E-003
   6.0034717718641340E-003
   6.0034632389734709E-003
   6.0034546855491080E-003
   6.0034461115521841E-003
   6.0034375169444130E-003
   6.0034289016880540E-003
   6.0034202657459302E-003
   6.0034116090814148E-003
   6.0034029316584272E-003
   6.0033942334414394E-003
   6.0033855143954628E-003
   6.0033767744860503E-003
   6.0033680136792967E-003
   6.0033592319418284E-003
   6.0033504292408071E-003
   6.0033416055439220E-003
   6.0033327608193963E-003
   6.0033238950359669E-003
   6.0033150081628996E-003
   6.0033061001699738E-003
   6.0032971710274911E-003
   6.0032882207062569E-003
   6.0032792491775937E-003
   6.0032702564133261E-003
   6.0032612423857887E-003
   6.0032522070678071E-003
   6.0032431504327150E-003
   6.0032340724543356E-003
   6.0032249731069819E-003
   6.0032158523654656E-003
   6.0032067102050732E-003
   6.0031975466015792E-003
   6.0031883615312386E-003
   6.0031791549707871E-003
   6.0031699268974278E-003
   6.0031606772888348E-003
   6.0031514061231550E-003
   6.0031421133790010E-003
   6.0031327990354389E-003
   6.0031234630720087E-003
   6.0031141054686888E-003
   6.0031047262059205E-003
   6.0030953252645913E-003
   6.0030859026260425E-003
   6.0030764582720483E-003
   6.0030669921848322E-003
   6.0030575043470502E-003
   6.0030479947417933E-003
   6.0030384633525868E-003
   6.0030289101633792E-003
   6.0030193351585477E-003
   6.0030097383228943E-003
   6.0030001196416305E-003
   6.0029904791003893E-003
   6.0029808166852201E-003
   6.0029711323825738E-003
   6.0029614261793126E-003
   6.0029516980627052E-003
   6.0029419480204091E-003
   6.0029321760404894E-003
   6.0029223821113989E-003
   6.0029125662219860E-003
   6.0029027283614858E-003
   6.0028928685195108E-003
   6.0028829866860620E-003
   6.0028730828515196E-003
   6.0028631570066297E-003
   6.0028532091425217E-003
   6.0028432392506834E-003
   6.0028332473229754E-003
   6.0028232333516158E-003
   6.0028131973291860E-003
   6.0028031392486188E-003
   6.0027930591032017E-003
   6.0027829568865751E-003
   6.0027728325927196E-003
   6.0027626862159643E-003
   6.0027525177509759E-003
   6.0027423271927583E-003
   6.0027321145366503E-003
   6.0027218797783204E-003
   6.0027116229137674E-003
   6.0027013439393068E-003
   6.0026910428515844E-003
   6.0026807196475584E-003
   6.0026703743245044E-003
   6.0026600068800061E-003
   6.0026496173119590E-003
   6.0026392056185644E-003
   6.0026287717983243E-003
   6.0026183158500409E-003
   6.0026078377728087E-003
   6.0025973375660178E-003
   6.0025868152293483E-003
   6.0025762707627663E-003
   6.0025657041665233E-003
   6.0025551154411451E-003
   6.0025445045874398E-003
   6.0025338716064849E-003
   6.0025232164996351E-003
   6.0025125392685055E-003
   6.0025018399149817E-003
   6.0024911184412095E-003
   6.0024803748495881E-003
   6.0024696091427734E-003
   6.0024588213236805E-003
   6.0024480113954641E-003
   6.0024371793615302E-003
   6.0024263252255244E-003
   6.0024154489913377E-003
   6.0024045506630892E-003
   6.0023936302451364E-003
   6.0023826877420644E-003
   6.0023717231586886E-003
   6.0023607365000493E-003
   6.0023497277714045E-003
   6.0023386969782306E-003
   6.0023276441262211E-003
   6.0023165692212801E-003
   6.0023054722695215E-003
   6.0022943532772660E-003
   6.0022832122510299E-003
   6.0022720491975379E-003
   6.0022608641237098E-003
   6.0022496570366580E-003
   6.0022384279436857E-003
   6.0022271768522800E-003
   6.0022159037701178E-003
   6.0022046087050565E-003
   6.0021932916651298E-003
   6.0021819526585507E-003
   6.0021705916937073E-003
   6.0021592087791467E-003
   6.0021478039235963E-003
   6.0021363771359353E-003
   6.0021249284252136E-003
   6.0021134578006324E-003
   6.0021019652715512E-003
   6.0020904508474833E-003
   6.0020789145380860E-003
   6.0020673563531664E-003
   6.0020557763026776E-003
   6.0020441743967069E-003
   6.0020325506454850E-003
   6.0020209050593749E-003
   6.0020092376488711E-003
   6.0019975484245942E-003
   6.0019858373973039E-003
   6.0019741045778665E-003
   6.0019623499772785E-003
   6.0019505736066542E-003
   6.0019387754772198E-003
   6.0019269556003119E-003
   6.0019151139873838E-003
   6.0019032506499880E-003
   6.0018913655997827E-003
   6.0018794588485320E-003
   6.0018675304080943E-003
   6.0018555802904177E-003
   6.0018436085075540E-003
   6.0018316150716395E-003
   6.0018195999948995E-003
   6.0018075632896394E-003
   6.0017955049682520E-003
   6.0017834250432065E-003
   6.0017713235270536E-003
   6.0017592004324091E-003
   6.0017470557719669E-003
   6.0017348895584858E-003
   6.0017227018047967E-003
   6.0017104925237826E-003
   6.0016982617284026E-003
   6.0016860094316577E-003
   6.0016737356466182E-003
   6.0016614403863976E-003
   6.0016491236641635E-003
   6.0016367854931335E-003
   6.0016244258865696E-003
   6.0016120448577745E-003
   6.0015996424200909E-003
   6.0015872185869013E-003
   6.0015747733716245E-003
   6.0015623067877066E-003
   6.0015498188486322E-003
   6.0015373095679047E-003
   6.0015247789590590E-003
   6.0015122270356521E-003
   6.0014996538112599E-003
   6.0014870592994757E-003
   6.0014744435139128E-003
   6.0014618064681922E-003
   6.0014491481759497E-003
   6.0014364686508306E-003
   6.0014237679064785E-003
   6.0014110459565536E-003
   6.0013983028147028E-003
   6.0013855384945846E-003
   6.0013727530098477E-003
   6.0013599463741357E-003
   6.0013471186010896E-003
   6.0013342697043384E-003
   6.0013213996974882E-003
   6.0013085085941489E-003
   6.0012955964078999E-003
   6.0012826631523075E-003
   6.0012697088409122E-003
   6.0012567334872388E-003
   6.0012437371047816E-003
   6.0012307197070056E-003
   6.0012176813073496E-003
   6.0012046219192179E-003
   6.0011915415559827E-003
   6.0011784402309813E-003
   6.0011653179575077E-003
   6.0011521747488144E-003
   6.0011390106181227E-003
   6.0011258255785981E-003
   6.0011126196433629E-003
   6.0010993928254937E-003
   6.0010861451380085E-003
   6.0010728765938831E-003
   6.0010595872060334E-003
   6.0010462769873162E-003
   6.0010329459505339E-003
   6.0010195941084246E-003
   6.0010062214736690E-003
   6.0009928280588785E-003
   6.0009794138765988E-003
   6.0009659789393103E-003
   6.0009525232594231E-003
   6.0009390468492704E-003
   6.0009255497211174E-003
   6.0009120318871498E-003
   6.0008984933594776E-003
   6.0008849341501302E-003
   6.0008713542710548E-003
   6.0008577537341212E-003
   6.0008441325511124E-003
   6.0008304907337145E-003
   6.0008168282935405E-003
   6.0008031452421073E-003
   6.0007894415908362E-003
   6.0007757173510630E-003
   6.0007619725340206E-003
   6.0007482071508496E-003
   6.0007344212125932E-003
   6.0007206147301871E-003
   6.0007067877144785E-003
   6.0006929401761975E-003
   6.0006790721259798E-003
   6.0006651835743446E-003
   6.0006512745317151E-003
   6.0006373450083913E-003
   6.0006233950145732E-003
   6.0006094245603431E-003
   6.0005954336556687E-003
   6.0005814223104015E-003
   6.0005673905342812E-003
   6.0005533383369180E-003
   6.0005392657278122E-003
   6.0005251727163408E-003
   6.0005110593117491E-003
   6.0004969255231695E-003
   6.0004827713595991E-003
   6.0004685968299111E-003
   6.0004544019428554E-003
   6.0004401867070432E-003
   6.0004259511309546E-003
   6.0004116952229441E-003
   6.0003974189912239E-003
   6.0003831224438786E-003
   6.0003688055888481E-003
   6.0003544684339386E-003
   6.0003401109868168E-003
   6.0003257332550087E-003
   6.0003113352458974E-003
   6.0002969169667235E-003
   6.0002824784245812E-003
   6.0002680196264225E-003
   6.0002535405790508E-003
   6.0002390412891207E-003
   6.0002245217631390E-003
   6.0002099820074643E-003
   6.0001954220283002E-003
   6.0001808418316980E-003
   6.0001662414235586E-003
   6.0001516208096229E-003
   6.0001369799954846E-003
   6.0001223189865682E-003
   6.0001076377881489E-003
   6.0000929364053416E-003
   6.0000782148431015E-003
   6.0000634731062217E-003
   6.0000487111993295E-003
   6.0000339291268971E-003
   6.0000191268932248E-003
   6.0000043045024551E-003
   5.9999894619585563E-003
   5.9999745992653369E-003
   5.9999597164264338E-003
   5.9999448134453156E-003
   5.9999298903252842E-003
   5.9999149470694657E-003
   5.9998999836808169E-003
   5.9998850001621246E-003
   5.9998699965159996E-003
   5.9998549727448792E-003
   5.9998399288510255E-003
   5.9998248648365287E-003
   5.9998097807032955E-003
   5.9997946764530586E-003
   5.9997795520873769E-003
   5.9997644076076250E-003
   5.9997492430149983E-003
   5.9997340583105132E-003
   5.9997188534950041E-003
   5.9997036285691250E-003
   5.9996883835333461E-003
   5.9996731183879588E-003
   5.9996578331330602E-003
   5.9996425277685714E-003
   5.9996272022942287E-003
   5.9996118567095759E-003
   5.9995964910139763E-003
   5.9995811052066042E-003
   5.9995656992864422E-003
   5.9995502732522925E-003
   5.9995348271027586E-003
   5.9995193608362654E-003
   5.9995038744510357E-003
   5.9994883679451109E-003
   5.9994728413163374E-003
   5.9994572945623690E-003
   5.9994417276806695E-003
   5.9994261406685076E-003
   5.9994105335229569E-003
   5.9993949062409043E-003
   5.9993792588190348E-003
   5.9993635912538382E-003
   5.9993479035416186E-003
   5.9993321956784713E-003
   5.9993164676603074E-003
   5.9993007194828283E-003
   5.9992849511415558E-003
   5.9992691626317932E-003
   5.9992533539486642E-003
   5.9992375250870807E-003
   5.9992216760417659E-003
   5.9992058068072387E-003
   5.9991899173778172E-003
   5.9991740077476223E-003
   5.9991580779105783E-003
   5.9991421278603992E-003
   5.9991261575906060E-003
   5.9991101670945172E-003
   5.9990941563652514E-003
   5.9990781253957161E-003
   5.9990620741786271E-003
   5.9990460027064913E-003
   5.9990299109716223E-003
   5.9990137989661164E-003
   5.9989976666818745E-003
   5.9989815141106000E-003
   5.9989653412437800E-003
   5.9989491480727051E-003
   5.9989329345884607E-003
   5.9989167007819264E-003
   5.9989004466437798E-003
   5.9988841721644887E-003
   5.9988678773343213E-003
   5.9988515621433374E-003
   5.9988352265813892E-003
   5.9988188706381279E-003
   5.9988024943029988E-003
   5.9987860975652370E-003
   5.9987696804138747E-003
   5.9987532428377325E-003
   5.9987367848254331E-003
   5.9987203063653878E-003
   5.9987038074457997E-003
   5.9986872880546695E-003
   5.9986707481797874E-003
   5.9986541878087338E-003
   5.9986376069288911E-003
   5.9986210055274240E-003
   5.9986043835913005E-003
   5.9985877411072681E-003
   5.9985710780618793E-003
   5.9985543944414722E-003
   5.9985376902321769E-003
   5.9985209654199187E-003
   5.9985042199904182E-003
   5.9984874539291732E-003
   5.9984706672214947E-003
   5.9984538598524704E-003
   5.9984370318069838E-003
   5.9984201830697147E-003
   5.9984033136251278E-003
   5.9983864234574883E-003
   5.9983695125508428E-003
   5.9983525808890385E-003
   5.9983356284557116E-003
   5.9983186552342877E-003
   5.9983016612079904E-003
   5.9982846463598307E-003
   5.9982676106726061E-003
   5.9982505541289191E-003
   5.9982334767111544E-003
   5.9982163784014905E-003
   5.9981992591819008E-003
   5.9981821190341449E-003
   5.9981649579397851E-003
   5.9981477758801610E-003
   5.9981305728364154E-003
   5.9981133487894802E-003
   5.9980961037200782E-003
   5.9980788376087267E-003
   5.9980615504357359E-003
   5.9980442421812014E-003
   5.9980269128250187E-003
   5.9980095623468734E-003
   5.9979921907262444E-003
   5.9979747979424002E-003
   5.9979573839744069E-003
   5.9979399488011165E-003
   5.9979224924011790E-003
   5.9979050147530386E-003
   5.9978875158349263E-003
   5.9978699956248702E-003
   5.9978524541006934E-003
   5.9978348912400033E-003
   5.9978173070202156E-003
   5.9977997014185247E-003
   5.9977820744119229E-003
   5.9977644259771980E-003
   5.9977467560909364E-003
   5.9977290647295024E-003
   5.9977113518690714E-003
   5.9976936174856036E-003
   5.9976758615548518E-003
   5.9976580840523652E-003
   5.9976402849534925E-003
   5.9976224642333655E-003
   5.9976046218669218E-003
   5.9975867578288822E-003
   5.9975688720937687E-003
   5.9975509646359006E-003
   5.9975330354293801E-003
   5.9975150844481205E-003
   5.9974971116658112E-003
   5.9974791170559569E-003
   5.9974611005918369E-003
   5.9974430622465403E-003
   5.9974250019929429E-003
   5.9974069198037230E-003
   5.9973888156513487E-003
   5.9973706895080801E-003
   5.9973525413459846E-003
   5.9973343711369146E-003
   5.9973161788525204E-003
   5.9972979644642484E-003
   5.9972797279433439E-003
   5.9972614692608431E-003
   5.9972431883875818E-003
   5.9972248852941902E-003
   5.9972065599510939E-003
   5.9971882123285138E-003
   5.9971698423964704E-003
   5.9971514501247778E-003
   5.9971330354830453E-003
   5.9971145984406811E-003
   5.9970961389668922E-003
   5.9970776570306738E-003
   5.9970591526008225E-003
   5.9970406256459339E-003
   5.9970220761343934E-003
   5.9970035040343879E-003
   5.9969849093139032E-003
   5.9969662919407167E-003
   5.9969476518824012E-003
   5.9969289891063354E-003
   5.9969103035796816E-003
   5.9968915952694091E-003
   5.9968728641422815E-003
   5.9968541101648540E-003
   5.9968353333034914E-003
   5.9968165335243370E-003
   5.9967977107933451E-003
   5.9967788650762601E-003
   5.9967599963386296E-003
   5.9967411045457877E-003
   5.9967221896628743E-003
   5.9967032516548210E-003
   5.9966842904863602E-003
   5.9966653061220201E-003
   5.9966462985261183E-003
   5.9966272676627800E-003
   5.9966082134959168E-003
   5.9965891359892434E-003
   5.9965700351062735E-003
   5.9965509108103037E-003
   5.9965317630644444E-003
   5.9965125918315914E-003
   5.9964933970744353E-003
   5.9964741787554669E-003
   5.9964549368369795E-003
   5.9964356712810486E-003
   5.9964163820495527E-003
   5.9963970691041691E-003
   5.9963777324063636E-003
   5.9963583719174008E-003
   5.9963389875983446E-003
   5.9963195794100468E-003
   5.9963001473131603E-003
   5.9962806912681283E-003
   5.9962612112351909E-003
   5.9962417071743853E-003
   5.9962221790455413E-003
   5.9962026268082771E-003
   5.9961830504220194E-003
   5.9961634498459718E-003
   5.9961438250391444E-003
   5.9961241759603360E-003
   5.9961045025681385E-003
   5.9960848048209413E-003
   5.9960650826769175E-003
   5.9960453360940443E-003
   5.9960255650300838E-003
   5.9960057694425943E-003
   5.9959859492889223E-003
   5.9959661045262116E-003
   5.9959462351113907E-003
   5.9959263410011903E-003
   5.9959064221521211E-003
   5.9958864785204895E-003
   5.9958665100623915E-003
   5.9958465167337131E-003
   5.9958264984901364E-003
   5.9958064552871207E-003
   5.9957863870799275E-003
   5.9957662938235979E-003
   5.9957461754729666E-003
   5.9957260319826577E-003
   5.9957058633070817E-003
   5.9956856694004315E-003
   5.9956654502166980E-003
   5.9956452057096498E-003
   5.9956249358328493E-003
   5.9956046405396386E-003
   5.9955843197831513E-003
   5.9955639735163021E-003
   5.9955436016917952E-003
   5.9955232042621142E-003
   5.9955027811795306E-003
   5.9954823323961010E-003
   5.9954618578636617E-003
   5.9954413575338339E-003
   5.9954208313580202E-003
   5.9954002792874080E-003
   5.9953797012729645E-003
   5.9953590972654340E-003
   5.9953384672153491E-003
   5.9953178110730195E-003
   5.9952971287885312E-003
   5.9952764203117532E-003
   5.9952556855923317E-003
   5.9952349245796909E-003
   5.9952141372230320E-003
   5.9951933234713385E-003
   5.9951724832733597E-003
   5.9951516165776316E-003
   5.9951307233324586E-003
   5.9951098034859247E-003
   5.9950888569858815E-003
   5.9950678837799630E-003
   5.9950468838155689E-003
   5.9950258570398733E-003
   5.9950048033998241E-003
   5.9949837228421374E-003
   5.9949626153133024E-003
   5.9949414807595738E-003
   5.9949203191269843E-003
   5.9948991303613256E-003
   5.9948779144081586E-003
   5.9948566712128204E-003
   5.9948354007204035E-003
   5.9948141028757689E-003
   5.9947927776235494E-003
   5.9947714249081324E-003
   5.9947500446736763E-003
   5.9947286368640957E-003
   5.9947072014230789E-003
   5.9946857382940626E-003
   5.9946642474202460E-003
   5.9946427287445991E-003
   5.9946211822098413E-003
   5.9945996077584484E-003
   5.9945780053326618E-003
   5.9945563748744725E-003
   5.9945347163256326E-003
   5.9945130296276483E-003
   5.9944913147217732E-003
   5.9944695715490265E-003
   5.9944478000501667E-003
   5.9944260001657144E-003
   5.9944041718359344E-003
   5.9943823150008478E-003
   5.9943604296002163E-003
   5.9943385155735570E-003
   5.9943165728601287E-003
   5.9942946013989426E-003
   5.9942726011287485E-003
   5.9942505719880494E-003
   5.9942285139150814E-003
   5.9942064268478298E-003
   5.9941843107240182E-003
   5.9941621654811148E-003
   5.9941399910563254E-003
   5.9941177873865945E-003
   5.9940955544086020E-003
   5.9940732920587695E-003
   5.9940510002732504E-003
   5.9940286789879286E-003
   5.9940063281384371E-003
   5.9939839476601236E-003
   5.9939615374880757E-003
   5.9939390975571128E-003
   5.9939166278017804E-003
   5.9938941281563558E-003
   5.9938715985548398E-003
   5.9938490389309608E-003
   5.9938264492181747E-003
   5.9938038293496591E-003
   5.9937811792583132E-003
   5.9937584988767638E-003
   5.9937357881373497E-003
   5.9937130469721366E-003
   5.9936902753129056E-003
   5.9936674730911551E-003
   5.9936446402381006E-003
   5.9936217766846725E-003
   5.9935988823615113E-003
   5.9935759571989773E-003
   5.9935530011271370E-003
   5.9935300140757696E-003
   5.9935069959743577E-003
   5.9934839467520968E-003
   5.9934608663378955E-003
   5.9934377546603532E-003
   5.9934146116477826E-003
   5.9933914372281988E-003
   5.9933682313293149E-003
   5.9933449938785483E-003
   5.9933217248030121E-003
   5.9932984240295235E-003
   5.9932750914845874E-003
   5.9932517270944131E-003
   5.9932283307848949E-003
   5.9932049024816261E-003
   5.9931814421098897E-003
   5.9931579495946579E-003
   5.9931344248605944E-003
   5.9931108678320435E-003
   5.9930872784330468E-003
   5.9930636565873234E-003
   5.9930400022182714E-003
   5.9930163152489844E-003
   5.9929925956022203E-003
   5.9929688432004318E-003
   5.9929450579657402E-003
   5.9929212398199452E-003
   5.9928973886845260E-003
   5.9928735044806258E-003
   5.9928495871290743E-003
   5.9928256365503587E-003
   5.9928016526646435E-003
   5.9927776353917604E-003
   5.9927535846512085E-003
   5.9927295003621480E-003
   5.9927053824434078E-003
   5.9926812308134774E-003
   5.9926570453905101E-003
   5.9926328260923121E-003
   5.9926085728363582E-003
   5.9925842855397668E-003
   5.9925599641193223E-003
   5.9925356084914623E-003
   5.9925112185722695E-003
   5.9924867942774849E-003
   5.9924623355224957E-003
   5.9924378422223359E-003
   5.9924133142916884E-003
   5.9923887516448804E-003
   5.9923641541958792E-003
   5.9923395218583015E-003
   5.9923148545453983E-003
   5.9922901521700595E-003
   5.9922654146448186E-003
   5.9922406418818344E-003
   5.9922158337929136E-003
   5.9921909902894838E-003
   5.9921661112826118E-003
   5.9921411966829862E-003
   5.9921162464009383E-003
   5.9920912603464039E-003
   5.9920662384289674E-003
   5.9920411805578213E-003
   5.9920160866417903E-003
   5.9919909565893086E-003
   5.9919657903084369E-003
   5.9919405877068548E-003
   5.9919153486918519E-003
   5.9918900731703402E-003
   5.9918647610488320E-003
   5.9918394122334641E-003
   5.9918140266299758E-003
   5.9917886041437156E-003
   5.9917631446796378E-003
   5.9917376481423059E-003
   5.9917121144358824E-003
   5.9916865434641291E-003
   5.9916609351304169E-003
   5.9916352893377035E-003
   5.9916096059885607E-003
   5.9915838849851355E-003
   5.9915581262291844E-003
   5.9915323296220492E-003
   5.9915064950646609E-003
   5.9914806224575460E-003
   5.9914547117008140E-003
   5.9914287626941622E-003
   5.9914027753368718E-003
   5.9913767495278023E-003
   5.9913506851654022E-003
   5.9913245821476982E-003
   5.9912984403722881E-003
   5.9912722597363528E-003
   5.9912460401366496E-003
   5.9912197814694992E-003
   5.9911934836308044E-003
   5.9911671465160358E-003
   5.9911407700202262E-003
   5.9911143540379843E-003
   5.9910878984634772E-003
   5.9910614031904365E-003
   5.9910348681121647E-003
   5.9910082931215114E-003
   5.9909816781108958E-003
   5.9909550229722882E-003
   5.9909283275972206E-003
   5.9909015918767740E-003
   5.9908748157015811E-003
   5.9908479989618348E-003
   5.9908211415472673E-003
   5.9907942433471634E-003
   5.9907673042503551E-003
   5.9907403241452198E-003
   5.9907133029196737E-003
   5.9906862404611764E-003
   5.9906591366567317E-003
   5.9906319913928842E-003
