         387           3         566           2         206
       198        11       193       268       270       262         1
       327       329        10       472       469       474         1
         6        80        65        88         0        89         1
       304       307       306       440        52       431         1
       176       171       175       236       230       237         1
         5       128       131       169       160       147         1
       131       134       150       198       197       165         1
        31       352       354       517       515       506         1
       243        32       239         0       334       332         1
        71        57        68        68        69        55         1
       298       299        13         0       401       426         1
       144       156       155       205         0       196         1
       287       282       285       400       409       406         1
       312       318       315       457       451       452         1
       103       122        39       146         0       124         1
       175       179        18       234         0       236         1
        90        99        22       117        91        98         1
       343       348       342       502        36       503         1
       228       227       219         0       312       317         1
       105       107        97       130       114       127         1
       162       163        15       214       215       213         1
        78        91        17        82        96       104         1
       119       137       124       176       159       177         1
        61        62        26         0        61        62         1
       198       201       205       282       279       273         1
       319       325       322       470       454       459         1
       109       112        25       137         0       128         1
        91        94       104       125       122       107         1
       369       376        49       545       537       543         1
       257       262        50       360       366       368         1
        64        81        72        93        60       101         1
       152       164       160       219       210         0         1
        14       142       145       187       190       151         1
       189        58       186       243        56       258         1
       217       220        37       306       289       303         1
       343       342       344       490       499        18         1
       122       120       118       150       156       153         1
       363       360       357       513       519       530         1
       250       251       253       353       330       351         1
       234       239       240       327       335       334         1
        43       224       229       318       311       316         1
        44       149       166       221       195       204         1
       211       209       208       288       294       291         1
       204       211        45       286         0       281         1
       333       339       326         0       476       487         1
       349       356       352       517       510       511         1
       371       381       382       557       553       555         1
       268       275        52       384         0       379         1
       262       265       269       380       377       371         1
       275       273       272       386       391       387         1
       289       294       284       425       398       418         1
       311       304       306         4       444       443         1
       312       311       309       444       446       449         1
       316        56       315       447       457       455         1
        83        57        71        10        94         0         1
       187       189       186        34       253       255         1
        68        63        66        63        72        68         1
       291       295       297       421       424         0         1
        72        90        79        64        75        93         1
        80        64        72        31        75        89         1
        26        70        61        71        24        67         1
        79        62        61        24        87        86         1
        63        65        66        65        57         0         1
        60        79        90        59       103        86         1
        66        65        61        88        71        63         1
        67        73        69        70         0        78         1
        70        26        69         0        70        61         1
        68        57        63         0        57        10         1
        71        68        73        77        78        10         1
        73        70        69        67        66        77         1
        70        66        61        65        61        72         1
        68        66        70        71        77        57         1
        12        75        74        74         0        83         1
        71        74        75        73        92        80         1
        72        79        80        87        60        59         1
        88        33        81       118       101         0         1
        73        68        70        72        70        69         1
        67        71        73        69        66        80         1
        86        76        92       105       106         0         1
        71        67        74         0        74        78         1
        85        84        75        92        95        97         1
        17        91        87       122         0        22         1
        12        78        75        95        73        99         1
        77        83        84        94        97         0         1
        85        17        77         0        97        96         1
        62        79        60        64         0        62         1
        80        79        61        62        88        75         1
        65        80        61        87        65         3         1
        64        80         6         3         0        60         1
        97        95        99       117       112       113         1
        90        22        82         0       103        17         1
        71        75        84        81        94        74         1
        81        90        72        59        31        98         1
        84        83        71        55        92        84         1
        85        75        78        83        96        81         1
        17        85        78        95        22        85         1
        77        84        85        81        85        84         1
        90        81        99       118        17        93         1
        78        12        86         0       106        83         1
       104        98       103       124       116       125         1
        81        64        88         0        76        31         1
       108       101       105       127       129       132         1
        90        82        60         0        64        91         1
        78        92        91       107        22       106         1
        94        92        76        79       109       107         1
        86        92        78       104        99        79         1
        92        94        91        28       104       105         1
        93        30        94       110       109         0         1
        76        93        94       108       105         0         1
        94        30        98       149       125       108         1
        96       105       100       114         0       126         1
        99        33        97       120        90       118         1
        95        97        89       130         0        90         1
        97       100       105       111        20       120         1
       116       140       141       180         0       182         1
       104       103        87         0       122       100         1
        22        99        95        90         0        17         1
        33        99        81        98        76       112         1
       108       106        19         0       136       129         1
        97        33       100         0       114       112         1
       107       109        89         0       130       134         1
        91       104        87       116        82        28         1
       117       102       118       144       150         0         1
       122       103        98       100       153        15         1
        94        98       104       100        28       110         1
       106       105        96       111         0       129         1
       107       105       101       102       134        20         1
       101       112       109        27       134       132         1
       106       108       105       102       126       119         1
        97       107        89       121       113        20         1
       113       112       108       132       136       141         1
       101       108       112       131       128       102         1
       112       115       114       142       137       141         1
       101       109       107       121       127       128         1
       110       137       127       177         0       148         1
       108        19       113       138       131       119         1
       114        25       112        27       133         0         1
        19       111       113       140       136         0         1
        29       119       125       159         0       158         1
       124       113       111       138       157       155         1
       115       112       113       131       155       133         1
       114       115       137       176       148       133         1
       139        24       143       193       183         0         1
       118       102       138       178       152       123         1
        30       117       120       150       149         0         1
       122       123        39         0        15       156         1
       127       128         5         6         0       161         1
       114       137       110       135         0       142         1
        30       120        98       153       110       145         1
       117       118       120        37       145       123         1
       141       142        14        33         0       180         1
       138       140       118       154       144       179         1
       120       122        98       124       149        37         1
       118       140       123       182       156       152         1
       113       124       115       176       141       140         1
       118       123       122       146        37       154         1
       125       124       111       140         0       159         1
        29       135       119       173       139       168         1
       124       125       119       139        23       157         1
       130         5       131         6       197         0         1
       128       127       119       177       173       147         1
       133       132       126         0       166       163         1
       135       132       133       162       172       168         1
       150       136       165       220       218       198         1
       133       134       131         7       172       166         1
       126       134       133       165       162       167         1
       134       126         9         0       170       166         1
       135        29       132         0       163       158         1
       135       131       128         6       173       172         1
       136       134         9       167       207       198         1
       130       150       129       218         0       197         1
       131       135       133       163       165       169         1
       119       135       128       169       161       158         1
       151       159       158       211       200       206         1
       164       129       165       218       219         0         1
       124       137       115       142       155        23         1
       127       137       119        23       161       135         1
       139       138       102       144         0       181         1
       140       138       121       181       184       152         1
       142       141       140       115       184       151         1
       138       139       121       183       179       178         1
       140       116       123         0       154       115         1
       143       121       139       181       143       185         1
       142       140       121       179       185       180         1
       143       142       121       184       183       187         1
       146       149       148       199       188       202         1
       142       143       145       189        33       185         1
       146       148       147       192         0       186         1
       148       145       143       187       192       194         1
       144        14       145        33       196         0         1
        35       167       153       223         0       226         1
       148       143       147       193       188       189         1
       143        24       147         0       192       143         1
       145       148       156       199       196       189         1
        44       166       154       235         0        42         1
       144       145       156       194        12       190         1
       131       150       130       171       160         7         1
       136       150       134         7       170       164         1
       148       149       156       205       194       186         1
       157       151       158       174       201         0         1
       158       136       157       207       200       208         1
       149       146       153         0       223       186         1
       170       176       166       235       224       237         1
       149        44       155         0       205        42         1
       149       155       156        12       199       204         1
       151        34       159       216       174         0         1
       136         9       157         0       201       170         1
       136       158       160       211       220       201         1
       285       161       163       214       408       404         1
       162       152       160        32       212       215         1
       158       159       160       212       208       174         1
       162       160       159       211       213       210         1
       162       159       163       410        21       212         1
        15       163       161       209         0        21         1
       152       162        15        21         0       210         1
        34       288       159       410       206       407         1
        23       289       283       411         0       412         1
       150       165       129       175       171       164         1
       164       165       160       220        32       175         1
       160       165       136       164       208       219         1
       149       167       166       224        42       223         1
       177       174       179       244       240       239         1
       153       167       149       221       202       191         1
       167       170       166       203       221       226         1
       169       168       170       228       227         0         1
       167        35       170       227       224       191         1
        35       169       170       225       226         0         1
       170       168       171       238       237       225         1
       174       172         8         0       233       239         1
       176       175       154         0       235         5         1
       178       187       183       251         0       260         1
       168       172       177       239       238         0         1
       174         8       182       246       245       229         1
       179       180        18         0        16       244         1
       166       176       154       230       195       203         1
       179       175       171         5       240        16         1
       170       171       176         5       203       228         1
       168       177       171       240       228       232         1
       172       174       177       222       232       229         1
       177       179       171       236       238       222         1
       173       184       185       248         0       250         1
       174       184       180       250       244       245         1
       185       186        58        34         0       248         1
       174       180       179       234       222       242         1
       182       184       174       242       233       247         1
       183       182         8       233         0       249         1
       184       182       181       249       252       245         1
       186       185       184       241       252       243         1
       182       183       181       251       247       246         1
       184       173       180         0       242       241         1
       187       181       183       249       231       253         1
       186       184       181       247       253       248         1
       186       181       187       251        56       252         1
       191       190        36         0       263       256         1
       189       187       191       256       261        56         1
       187       190       191       254       255       260         1
       197       196       188         0       264       269         1
       188        58       189        34       264         0         1
       192       199       194       272         0       271         1
       187       178       190         0       256       231         1
       189       191       197       265       264       255         1
        11       198       195       279         0         1         1
        36       193       191       265       254       266         1
       188       189       197       261       257       258         1
       191       193       197       269       261       263         1
       193        36       194         0       272       263         1
       205       202       204       281       278       282         1
       193        11       196         0       269         1         1
       193       196       197       257       265       268         1
       193       199       198       273         1       272         1
       201       199       192       259       275       273         1
       194       199       193       270       266       259         1
       199       201       198        25       270       271         1
       200        27       201       276       275         0         1
       192       200       201       274       271         0         1
       201        27       202       287       282       274         1
       206       215       216       296         0       298         1
       205       204       195         0       279       267         1
       198       205       195       278       262        25         1
       207       203       208       284       288         0         1
       211       204       202       267       291        44         1
       201       202       205       267        25       276         1
       214        46       218       309       299         0         1
       208       203       213       293       290       280         1
        27       207       209       288       287         0         1
       211       212        45         0        44       294         1
        27       209       202       291       276       285         1
       207       208       209        43       285       280         1
       216       217        37        35         0       296         1
       213       215       208       292       284       295         1
       209       211       202       281       287        43         1
       208       215       212       298       294       290         1
       214       213       203       284         0       297         1
       208       212       211       286        43       292         1
       215       213       210       297       300       290         1
       217       216       215       277       300       289         1
       213       214       210       299       295       293         1
       215       206       212         0       292       277         1
       218       210       214       297       283       301         1
       217       215       210       295       301       296         1
       218       217       210       300       299       303         1
       221       224       223       313       304       314         1
       217       218       220       305        35       301         1
       221       223       222       308         0       302         1
       223       220       218       303       308       310         1
       219        37       220        35       312         0         1
        21       230       225       320         0       323         1
       223       218       222       309       304       305         1
       218        46       222         0       308       283         1
       220       223       228       313       312       305         1
        43       229       226       333         0        41         1
       219       220       228       310        19       306         1
       223       224       228       317       310       302         1
       224       221       225         0       320       302         1
       233       240       229       333       321       335         1
       224        43       227         0       317        41         1
       224       227       228        19       313       316         1
       224       230       229       321        41       320         1
       241       238       243       342       338       337         1
       225       230       224       318       314       307         1
       230       233       229       315       318       323         1
       232       231       233       325       324         0         1
       230        21       233       324       321       307         1
        21       232       233       322       323         0         1
       233       231       234       336       335       322         1
       238       235        42         0       331       337         1
       240       239       226         0       333        40         1
       242       251       247       349         0       358         1
       231       235       241       337       336         0         1
       236       250       253        39       356       341         1
       238        42       246       344       343       326         1
       243       244        32         0         9       342         1
       229       240       226       327       311       315         1
       243       239       234        40       338         9         1
       233       234       240        40       315       325         1
       231       241       234       338       325       329         1
       235       238       241       319       329       326         1
       241       243       234       334       336       319         1
       237       248       249       346         0       348         1
       238       248       244       348       342       343         1
       249       250       236       330         0       346         1
       238       244       243       332       319       340         1
       246       248       238       340       331       345         1
       247       246        42       331         0       347         1
       248       246       245       347       350       343         1
       250       249       248       339       350       341         1
       246       247       245       349       345       344         1
       248       237       244         0       340       339         1
       251       245       247       347       328       351         1
       250       248       245       345       351       346         1
       250       245       251       349        39       350         1
       255       254        41         0       361       354         1
       253       251       255       354       359        39         1
       251       254       255       352       353       358         1
       261       260       252         0       362       367         1
       252       236       253       330       362         0         1
       256       263       258       370         0       369         1
       251       242       254         0       354       328         1
       253       255       261       363       362       353         1
        50       262       259       377         0        30         1
        41       257       255       363       352       364         1
       252       253       261       359       355       356         1
       255       257       261       367       359       361         1
       257        41       258         0       370       361         1
       269       266       268       379       376       380         1
       257        50       260         0       367        30         1
       257       260       261       355       363       366         1
       257       263       262       371        30       370         1
       265       263       256       357       373       371         1
       258       263       257       368       364       357         1
       263       265       262        49       368       369         1
       264        51       265       374       373         0         1
       256       264       265       372       369         0         1
       265        51       266       385       380       372         1
         1       270       280       397       396         0         1
       269       268       259         0       377       365         1
       262       269       259       376       360        49         1
       271       267       272       390       386         0         1
       275       268       266       365       387        48         1
       265       266       269       365        49       374         1
       279         4       274         0       395       394         1
       278       267       277         0       392       390         1
        51       271       273       386       385         0         1
       275       276        52         0        48       391         1
        51       273       266       387       374       383         1
       271       272       273        50       383       378         1
       273       275       266       379       385        50         1
       280       272       278       390       393       397         1
       276       272       270       397         0       391         1
       267       278       272       388       378       382         1
       272       276       275       384        50       389         1
       277       279       278       393       382       394         1
       279       280       278       388       392       395         1
         4       279       277       392         0       381         1
       280       279       274       381       396       393         1
         1       280       274       395         0       375         1
       280       270       272       389       388       375         1
       297       289       284        51       424       423         1
       286       281       287       406       405         0         1
       282       296       285       420        13       422         1
       298        13       291         0       415        11         1
       282       281       283         0       411       406         1
       296       295        59         0       420       421         1
       161       285        59       420         0       209         1
       286       287       288       409       407       399         1
       282       287       281       399       402        13         1
       288        34       286         0       405       216         1
       288       285       163       209       410       409         1
       285       288       287       405        13       408         1
       159       288       163       408       213       216         1
       283       289       282       423       402       217         1
       293       289        23       217         0       418         1
        53       301       300       416         0       432         1
       293       290       294       417       418         0         1
       298       291       284       424       425       401         1
       292       300       301       413       428       429         1
       290       292       294       419       414       429         1
       293       294       289        51       412       414         1
       298       294       292       417       426       425         1
       285       296        59       403       404       400         1
       295       296       297       422        58       403         1
       296       282       297       423       421       400         1
       289       297       282       422       411       398         1
       284       291       297        58       398       415         1
       294       298       284       415        51       419         1
       299       298       292       419       430        11         1
       303        53       302         0       435       432         1
       305       292       301       416       436       430         1
       292       290       300         0       416       417         1
       305       299       292       426       428       434         1
        54       307       304         4         0       439         1
        53       303       301       436       413       427         1
       305       303       307       440       439       436         1
       299       305        54       439         0       430         1
       306       303       302       427       442       440         1
       301       303       305       433       428       432         1
         7       309       308       438         0       446         1
       306       308       309       437       444       442         1
       305       307        54       431       434       433         1
       303       306       307         4       433       435         1
         7       310       312       452       446         0         1
       306       302       308         0       438       435         1
       304       311        16       448         0        52         1
       306       309       311        53        52       438         1
       314       313        16         0       448       450         1
       309         7       312       441        53       437         1
        56       313       315       450        54         0         1
       314        16       311       443       449       445         1
       311       312       314       451       448        53         1
       313       314       315       451       447       445         1
       315       314       312       449        14       450         1
       310       318       312        14       441       456         1
       316       317        55         0       461       458         1
       321       319       322        26       464         0         1
        56       316       324       467       466        54         1
       310       317       318       458       452         0         1
       318       316       315        54        14       458         1
       316       318       317       456       453       457         1
       325       319        28         0       473        26         1
       320       324       322       465       463       466         1
        55       323       316       467       453       462         1
        55       321       323       464       461         0         1
        10       320       322       460       469         0         1
       321       322       323       465       462       454         1
       324       323       322       464       460       467         1
        56       324       320       460         0       455         1
       323       324       316       455       461       465         1
       331       330       334       479       484       478         1
        10       322       327       470         2       463         1
       322       325       327       474       469        26         1
       329       331       328       477       472       478         1
       328        10       329         2       471         0         1
        28       330       325       475       459       479         1
       329       327       325       470       475         2         1
       329       325       330       473       478       474         1
       333       326       331       477       484        45         1
       328       331       326       476         0       471         1
       329       330       331       468       471       475         1
        28       334       330       468       473       481         1
        47       336       335       482         0       488         1
        28       332       334       483       479         0         1
       333       335       336       480       491       486         1
       332       333       334       484       481       486         1
       331       334       333       483       476       468         1
       340        47       338         0       496       488         1
       333       332       335         0       482       483         1
       333       341       339       494        45       491         1
        47       340       336       493       480       485         1
       349       348       346       503       505       508         1
        38       344       342        36         0       498         1
       341       333       336       482       493       487         1
       340       344       341       498       493       499         1
       340       341       336       491       488       492         1
        38       339       341       487       498         0         1
        20       346       345       497         0       505         1
       343       340       338       485       501       499         1
       343       345       346       495       503       501         1
       341       344        38       490       494       492         1
       340       343       344        36       492       496         1
        20       347       349       511       505         0         1
       343       338       345         0       497       496         1
       342       348       337       507         0        18         1
       343       346       348       489        18       497         1
       351       350       337         0       507       509         1
       346        20       349       500       489       495         1
        31       350       352       509         8         0         1
       351       337       348       502       508       504         1
       348       349       351       510       507       489         1
       350       351       352       510       506       504         1
       352       351       349       508        46       509         1
       347       356       349        46       500       516         1
       354       355        48         0       521       518         1
       359       357       360        38       524         0         1
       365       367       353       532       529       534         1
        31       354       362       527       526         8         1
       347       355       356       518       511         0         1
       356       354       352         8        46       518         1
       354       356       355       516       512       517         1
       363       357        40         0       533        38         1
       358       362       360       525       523       526         1
        48       361       354       527       512       522         1
        48       359       361       524       521         0         1
       353       358       360       520       529         0         1
       359       360       361       525       522       513         1
       362       361       360       524       520       527         1
        31       362       358       520         0       515         1
       361       362       354       515       521       525         1
       369       366       367       532       538       537         1
       353       360       365       530       514       523         1
       360       363       365       534       529        38         1
       369       368       372       539       543       538         1
       366       353       367       514       528         0         1
        40       368       363       535       519       539         1
       367       365       363       530       535       514         1
       367       363       368       533       538       534         1
       372       370       373       540       548       541         1
       366       369        49        29         0       528         1
       367       368       369       531       528       535         1
        40       372       368       531       533       541         1
       373       370       364         0       544       536         1
        40       370       372       536       539         0         1
       375       376       380       550       549       545         1
       369       372       376       548        29       531         1
       374       373       364       540       565       551         1
       376       375        49         0        29       542         1
       382       384       378       547       553       560         1
         3       378       384       546       562         0         1
       372       373       376       550       543       536         1
       375       380       379       554         0       542         1
       376       373       380       551       542       548         1
       373       374       380       556       550       544         1
       386       377       385       566       558         0         1
       371       382       378       546         0        47         1
       379       380       381       556       555       549         1
       379       381       371        47         0       554         1
       380       374       381       557       554       551         1
       381       374       382       563        47       556         1
       385       374       386       565       552       563         1
       387       384       385       560       566       561         1
       385       384       382       546       563       559         1
       384       387       383       564       562       559         1
         3       384       383       561         0       547         1
       374       385       382       560       557       558         1
       383       387         2         0         0       561         1
       374       364       386         0       558       544         1
       385       377       387         0       559       552         1
        65         6         3         2
        32       239         9         2
       299        13        11         4
       155       144        12         2
        39       103        15         2
        18       175        16         2
       227       219        19         2
        62        26        24         4
        25       109        27         4
       152       164        32         4
        45       204        44         2
       339       326        45         4
        52       268        48         2
        83        57        55         2
       291       295        58         4
        63        65        63         2
        69        67        66         4
        26        69        67         4
        57        63        68         2
        74        12        73         4
        88        33        76         2
        86        76        79         4
        67        74        80         4
        87        17        82         2
        77        83        84         2
        17        77        85         2
        60        62        86         4
         6        64        89         2
        22        82        91         4
        12        86        99         4
        64        88       101         2
        82        60       103         4
        93        30       108         4
        76        93       109         4
       100        96       111         2
        89        95       113         4
       141       116       115         2
       103        87       116         2
        95        22       117         4
       106        19       119         2
        33       100       120         2
       109        89       121         4
       117       102       123         4
        96       106       126         2
       127       110       135         4
       114        25       137         4
        19       111       138         2
       125        29       139         2
       139        24       143         4
        30       117       145         4
       123        39       146         2
         5       127       147         4
       110       114       148         4
        14       141       151         2
       111       125       157         2
       130         5       160         4
       132       126       162         2
       126         9       167         2
        29       132       168         2
       129       130       171         4
       164       129       175         4
       102       139       178         4
       116       123       182         2
       147       146       188         4
       144        14       190         2
       153        35       191         4
        24       147       193         4
       154        44       195         2
       157       151       200         2
       146       153       202         4
        44       155       204         2
       151        34       206         2
         9       157       207         2
       161        15       214         4
        15       152       215         4
       283        23       217         2
       169       168       225         4
        35       169       227         4
       172         8       229         4
       175       154       230         2
       183       178       231         4
       168       172       232         4
       180        18       234         2
       185       173       241         2
        58       185       243         2
         8       183       246         4
       173       180       250         2
       190        36       254         4
       196       188       257         2
       188        58       258         2
       194       192       259         4
       178       190       260         4
       195        11       262         2
        36       194       266         4
        11       196       268         2
       200        27       274         4
       192       200       275         4
       216       206       277         2
       204       195       278         2
       207       203       280         4
       214        46       283         4
        27       207       285         4
       212        45       286         2
        37       216       289         2
       203       214       293         4
       206       212       298         2
       222       221       304         4
       219        37       306         2
       225        21       307         4
        46       222       309         4
       226        43       311         2
       221       225       314         4
        43       227       316         2
       232       231       322         4
        21       232       324         4
       235        42       326         4
       239       226       327         2
       247       242       328         4
       231       235       329         4
       244        32       332         2
       249       237       339         2
       236       249       341         2
        42       247       344         4
       237       244       348         2
       254        41       352         4
       260       252       355         2
       252       236       356         2
       258       256       357         4
       242       254       358         4
       259        50       360         2
        41       258       364         4
        50       260       366         2
       264        51       372         4
       256       264       373         4
         1       270       375         2
       268       259       376         2
       271       267       378         4
         4       274       381         1
       267       277       382         4
        51       271       383         4
       276        52       384         2
       270       276       389         2
       277         4       394         4
       274         1       396         1
       286       281       399         2
        13       291       401         4
       281       283       402         2
       295        59       403         4
        59       161       404         4
        34       286       407         2
        23       293       412         2
       300        53       413         2
       293       290       414         2
        53       302       427         2
       290       300       429         2
       304        54       431         4
        54       299       434         4
       308         7       437         2
         7       310       441         2
       302       308       442         2
        16       304       443         4
       313        16       445         4
        56       313       447         4
       317        55       453         2
       321       319       454         2
       310       317       456         2
       319        28       459         2
        55       321       462         2
        10       320       463         4
       320        56       466         4
       328        10       472         4
       326       328       477         4
       335        47       480         2
        28       332       481         2
        47       338       485         2
       332       335       486         2
       342        38       490         4
        38       339       494         4
       345        20       495         2
        20       347       500         2
       338       345       501         2
       337       342       502         4
       350       337       504         4
        31       350       506         4
       355        48       512         2
       359       357       513         2
       347       355       516         2
       357        40       519         2
        48       359       522         2
       353       358       523         4
       358        31       526         4
       366       353       532         4
        49       366       537         4
       370       364       540         2
        40       370       541         2
       375        49       545         4
         3       378       547         4
       379       375       549         4
       386       377       552         2
       378       371       553         4
       371       379       555         4
       383         3       562         3
       387         2       564         2
         2       383       564         3
       364       386       565         2
       377       387       566         2
  -10.00000000000000       0.000000000000000    
   10.00000000000000       0.000000000000000    
   10.00000000000000      0.5000000000000000    
  -10.00000000000000      0.5000000000000000    
   2.000000000000000      0.5000000000000000    
   0.000000000000000       0.000000000000000    
   5.000000000000000       0.000000000000000    
  -4.000000000000000      0.5000000000000000    
   2.500000000000000       0.000000000000000    
   6.000000000000000      0.5000000000000000    
  -5.000000000000000       0.000000000000000    
  -1.000000000000000      0.5000000000000000    
   4.000000000000000      0.5000000000000000    
  -2.500000000000000       0.000000000000000    
   3.000000000000000      0.5000000000000000    
   5.000000000000000      0.5000000000000000    
  -1.250000000000000       0.000000000000000    
  -3.750000000000000       0.000000000000000    
   1.250000000000000       0.000000000000000    
   7.500000000000000       0.000000000000000    
  -7.000000000000000      0.5000000000000000    
  0.5000000000000000      0.5000000000000000    
   3.750000000000000       0.000000000000000    
  -2.500000000000000      0.5000000000000000    
   1.250000000000000      0.5000000000000000    
 -0.2500000000000000      0.5000000000000000    
  -5.500000000000000      0.5000000000000000    
   6.250000000000000       0.000000000000000    
   1.875000000000000       0.000000000000000    
  -1.750000000000000      0.5000000000000000    
   8.000000000000000      0.5000000000000000    
  -7.500000000000000       0.000000000000000    
  0.6250000000000000       0.000000000000000    
   3.125000000000000       0.000000000000000    
  -3.250000000000000      0.5000000000000000    
  -4.750000000000000      0.5000000000000000    
  -6.250000000000000       0.000000000000000    
   7.000000000000000      0.5000000000000000    
  -1.875000000000000       0.000000000000000    
   8.750000000000000       0.000000000000000    
  -8.500000000000000      0.5000000000000000    
  -7.750000000000000      0.5000000000000000    
  -6.875000000000000       0.000000000000000    
  -3.125000000000000       0.000000000000000    
  -5.625000000000000       0.000000000000000    
  -6.250000000000000      0.5000000000000000    
   6.875000000000000       0.000000000000000    
   8.125000000000000       0.000000000000000    
   9.000000000000000      0.5000000000000000    
  -8.750000000000000       0.000000000000000    
  -9.250000000000000      0.5000000000000000    
  -9.375000000000000       0.000000000000000    
   4.375000000000000       0.000000000000000    
   4.500000000000000      0.5000000000000000    
   5.625000000000000       0.000000000000000    
   5.500000000000000      0.5000000000000000    
 -0.6250000000000000       0.000000000000000    
  -4.375000000000000       0.000000000000000    
   3.500000000000000      0.5000000000000000    
  0.1250000000000000      0.5000000000000000    
 -0.6250000000000000E-01  0.2812500000000000    
 -0.6250000000000000E-01  0.5000000000000000    
 -0.3125000000000000       0.000000000000000    
  0.3125000000000000       0.000000000000000    
 -0.1562500000000000       0.000000000000000    
 -0.2343750000000000      0.1822916666666666    
 -0.6250000000000000      0.5000000000000000    
 -0.4687500000000000      0.1748511904761905    
 -0.4375000000000000      0.5000000000000000    
 -0.3437500000000000      0.3361509562841530    
 -0.7288035005668935      0.2500000000000000    
  0.2024456521739130      0.2438858695652174    
 -0.5651996226238721      0.3286197125126646    
 -0.8125000000000000      0.5000000000000000    
 -0.9062500000000000      0.3296036046778731    
  -1.375000000000000      0.5000000000000000    
 -0.9375000000000000       0.000000000000000    
  -1.187500000000000      0.2858515612938625    
  0.8190858997584541E-01  0.3472033514492753    
  0.5549422554347824E-01  0.1599014945652174    
  0.4687500000000000      0.2172824951556256    
  0.3125000000000000      0.5000000000000000    
 -0.7812500000000000       0.000000000000000    
 -0.8593750000000000      0.1468908016784195    
  -1.049859893274216      0.1539805626013922    
  -1.187500000000000      0.5000000000000000    
  -1.562500000000000       0.000000000000000    
  0.4687500000000000       0.000000000000000    
  0.8750000000000000      0.5000000000000000    
  0.3459224464334859      0.3339354056151346    
  -1.406250000000000      0.1839217085577564    
  -1.344649812586776      0.3374153835978403    
  -1.562500000000000      0.5000000000000000    
  -1.526331104521761      0.3212202924971366    
  0.6875000000000000      0.5000000000000000    
  0.9375000000000000       0.000000000000000    
  0.7812500000000000      0.2343750000000000    
  -1.774196184265297      0.2404240460663242    
  0.6194861093257007      0.3266384797620120    
  0.7812500000000000       0.000000000000000    
   1.075604838709677      0.2613407258064516    
  -2.125000000000000      0.5000000000000000    
  -1.718750000000000       0.000000000000000    
  -1.640625000000000      0.1446225298711425    
  0.9357345653338597      0.1680938768892398    
   1.093750000000000       0.000000000000000    
  0.9238605857141571      0.3374309758092632    
   1.171875000000000      0.1367245825815784    
   1.062500000000000      0.5000000000000000    
   1.625000000000000      0.5000000000000000    
   1.562500000000000       0.000000000000000    
   1.263557037743343      0.3070460799836426    
   1.352573009951050      0.1492934157893671    
   1.437500000000000      0.5000000000000000    
   1.453815037712162      0.3104129179130901    
  -2.187500000000000       0.000000000000000    
  -1.937500000000000      0.5000000000000000    
  -2.031250000000000      0.2598635858693555    
   1.725091497300972      0.2375457486504859    
  -1.895530985231195      0.3452468143372874    
  -2.312500000000000      0.2884310668596813    
  -1.909846110345787      0.1559543943155057    
  -2.031250000000000       0.000000000000000    
   1.562677340043804      0.1742954992889014    
   1.718750000000000       0.000000000000000    
   2.187500000000000       0.000000000000000    
   1.812500000000000      0.5000000000000000    
   1.906250000000000      0.3229947235111537    
   2.500000000000000      0.5000000000000000    
   2.250000000000000      0.5000000000000000    
   2.125000000000000      0.3204645882155442    
   2.031250000000000       0.000000000000000    
   2.109375000000000      0.1510902933759175    
   2.343750000000000      0.1765363402422372    
   1.953125000000000      0.1361398628205258    
   2.604604890223986      0.2500000000000000    
   1.608052979388185      0.3432240156219691    
  -2.164557568057853      0.3461882506037117    
  -2.312500000000000      0.5000000000000000    
  -2.182391205512919      0.1735157728350381    
  -2.343750000000000       0.000000000000000    
  -2.421875000000000      0.1543728563974989    
  -2.489054953650568      0.3208308044952565    
  -2.812500000000000       0.000000000000000    
  -2.634855114329788      0.1652026373730379    
  -2.875000000000000      0.5000000000000000    
  -2.687500000000000      0.5000000000000000    
  -2.781250000000000      0.3137206441925551    
  -3.062500000000000      0.2889049203570053    
   2.375000000000000      0.3609112662744393    
   2.812500000000000       0.000000000000000    
   2.750000000000000      0.5000000000000000    
  -3.062500000000000      0.5000000000000000    
  -3.437500000000000       0.000000000000000    
  -2.968750000000000       0.000000000000000    
  -2.890625000000000      0.1661988452512977    
   2.656250000000000       0.000000000000000    
   2.734375000000000      0.1464735315325573    
   2.968750000000000      0.1774111439139671    
   2.768290592463462      0.3220830733100683    
   3.250000000000000      0.5000000000000000    
   2.936097046499711      0.3433823796594843    
   3.153760899063532      0.3000076012239550    
   2.625000000000000      0.5000000000000000    
   2.562500000000000      0.3792668564384521    
  -3.281250000000000      0.1850151130593152    
  -3.219845098632838      0.3379656817380801    
  -3.625000000000000      0.5000000000000000    
  -3.437500000000000      0.5000000000000000    
  -3.400963078927036      0.3218775593400685    
  -3.648657738281896      0.2402894345704739    
  -3.812500000000000      0.5000000000000000    
  -4.062500000000000       0.000000000000000    
  -3.906250000000000      0.2593199791737086    
  -3.593750000000000       0.000000000000000    
  -3.515625000000000      0.1442701929860400    
  -3.770420224120322      0.3450102076477927    
  -4.375000000000000      0.5000000000000000    
  -3.784382822038360      0.1560162901244534    
  -3.906250000000000       0.000000000000000    
  -4.187500000000000      0.2883659296371979    
  -4.039418168040030      0.3460469606533407    
  -4.187500000000000      0.5000000000000000    
  -4.057465800006492      0.1734574876785267    
  -4.218750000000000       0.000000000000000    
  -4.296875000000000      0.1543425821620415    
  -4.364061921467748      0.3208146491755437    
  -4.687500000000000       0.000000000000000    
  -4.509827300679320      0.1651906859088789    
  -4.562500000000000      0.5000000000000000    
  -4.656250000000000      0.3137031797977848    
  -5.125000000000000      0.5000000000000000    
  -4.937500000000000      0.2889072458883513    
  -4.937500000000000      0.5000000000000000    
  -5.312500000000000       0.000000000000000    
  -4.843750000000000       0.000000000000000    
  -4.765625000000000      0.1661906329455345    
  -5.156250000000000      0.1850159493197790    
  -5.094845234741180      0.3379661013134498    
  -5.312500000000000      0.5000000000000000    
  -5.275962780441712      0.3218780707648047    
  -5.523657307628543      0.2402893269071357    
  -5.875000000000000      0.5000000000000000    
  -5.468750000000000       0.000000000000000    
  -5.390625000000000      0.1442699115392976    
  -5.937500000000000       0.000000000000000    
  -5.687500000000000      0.5000000000000000    
  -5.781250000000000      0.2593195441436029    
  -5.645420135493132      0.3450100182401289    
  -6.062500000000000      0.2883658771362274    
  -5.659382452229730      0.1560163396482116    
  -5.781250000000000       0.000000000000000    
  -5.914418056356670      0.3460468473968342    
  -6.062500000000000      0.5000000000000000    
  -5.932465859466881      0.1734574409831539    
  -6.093750000000000       0.000000000000000    
  -6.171875000000000      0.1543425577612542    
  -6.239061927077258      0.3208146361560269    
  -6.562500000000000       0.000000000000000    
  -6.384827278269335      0.1651906762804427    
  -6.625000000000000      0.5000000000000000    
  -6.437500000000000      0.5000000000000000    
  -6.531250000000000      0.3137031657262714    
  -6.812500000000000      0.2889072477612560    
  -6.812500000000000      0.5000000000000000    
  -7.187500000000000       0.000000000000000    
  -6.718750000000000       0.000000000000000    
  -6.640625000000000      0.1661906263286912    
  -7.031250000000000      0.1850159499932772    
  -6.969845234850790      0.3379661016513620    
  -7.375000000000000      0.5000000000000000    
  -7.187500000000000      0.5000000000000000    
  -7.150962780201312      0.3218780711766952    
  -7.398657307281697      0.2402893268204244    
  -7.562500000000000      0.5000000000000000    
  -8.125000000000000       0.000000000000000    
  -7.812500000000000       0.000000000000000    
  -7.656250000000000      0.2593195437932316    
  -7.343750000000000       0.000000000000000    
  -7.265625000000000      0.1442699113126221    
  -7.520420135421751      0.3450100180875809    
  -8.125000000000000      0.5000000000000000    
  -7.534382451931888      0.1560163396880979    
  -7.656250000000000       0.000000000000000    
  -7.937500000000000      0.2883658770939430    
  -7.789418056266720      0.3460468473056179    
  -7.937500000000000      0.5000000000000000    
  -7.807465859514771      0.1734574409455457    
  -7.968750000000000       0.000000000000000    
  -8.046875000000000      0.1543425577416017    
  -8.114061927081776      0.3208146361455409    
  -8.437500000000000       0.000000000000000    
  -8.259827278251286      0.1651906762726882    
  -8.312500000000000      0.5000000000000000    
  -8.406250000000000      0.3137031657149384    
  -8.875000000000000      0.5000000000000000    
  -8.687500000000000      0.2889072477627644    
  -8.687500000000000      0.5000000000000000    
  -9.062500000000000       0.000000000000000    
  -8.593750000000000       0.000000000000000    
  -8.515625000000000      0.1661906263233621    
  -8.906250000000000      0.1850159499938196    
  -8.844845234850876      0.3379661016516340    
  -9.062500000000000      0.5000000000000000    
  -9.025962780201116      0.3218780711770272    
  -9.273657307281418      0.2402893268203544    
  -9.625000000000000      0.5000000000000000    
  -9.218750000000000       0.000000000000000    
  -9.140625000000000      0.1442699113124397    
  -9.687500000000000       0.000000000000000    
  -9.437500000000000      0.5000000000000000    
  -9.531250000000000      0.2593195437929498    
  -9.395420135421697      0.3450100180874581    
  -10.00000000000000      0.2500000000000000    
  -9.409382451931648      0.1560163396881299    
  -9.531250000000000       0.000000000000000    
  -9.750000000000000      0.5000000000000000    
  -9.687500000000000      0.3370559543219442    
  -9.863143398096099      0.3631433980961008    
  -9.813117254074125      0.1632909324073444    
   3.437500000000000       0.000000000000000    
   3.593750000000000      0.2343750000000000    
   3.593750000000000       0.000000000000000    
   3.872767857142857      0.2511160714285714    
   3.379879828022311      0.3082480275372863    
   3.281250000000000       0.000000000000000    
   3.359375000000000      0.1449056779723370    
   3.203125000000000      0.1356337547764233    
   3.738141741071429      0.1613653273809524    
   4.062500000000000       0.000000000000000    
   3.750000000000000      0.5000000000000000    
   4.152375707992448      0.2651407134990560    
   3.906250000000000       0.000000000000000    
   3.984375000000000      0.1382068452380952    
   3.625000000000000      0.5000000000000000    
   3.562500000000000      0.3727022058823529    
   3.724039283785406      0.3365026271850555    
   4.008531688976282      0.3386753241171858    
   4.250000000000000      0.5000000000000000    
   4.218750000000000       0.000000000000000    
   4.296875000000000      0.1604358051951444    
   4.687500000000000       0.000000000000000    
   4.531250000000000      0.1753262797079070    
   4.750000000000000      0.5000000000000000    
   4.403958632044069      0.3269151988272408    
   4.782578607727346      0.2420214240340818    
   4.625000000000000      0.3531681109816260    
   4.843750000000000       0.000000000000000    
   4.921875000000000      0.1484875548797294    
   5.312500000000000       0.000000000000000    
   4.941709295003058      0.3285173203435082    
   5.156250000000000      0.1770051777124948    
   5.250000000000000      0.5000000000000000    
   5.125000000000000      0.3618612910197385    
   5.330500041477659      0.3015316861836923    
   5.585151717779859      0.2556629294449649    
   5.468750000000000       0.000000000000000    
   5.390625000000000      0.1466394028175547    
   5.937500000000000       0.000000000000000    
   5.750000000000000      0.5000000000000000    
   5.781250000000000       0.000000000000000    
   5.859375000000000      0.2558593750000000    
   5.703125000000000      0.1431136562192264    
   5.722202313228352      0.3409763238263017    
   6.093750000000000      0.1875670920801527    
   6.500000000000000      0.5000000000000000    
   6.008802618912718      0.3323593790062746    
   6.250000000000000      0.5000000000000000    
   6.183898402985284      0.3377705535900860    
   6.275871588472196      0.1804163704261190    
   6.375000000000000      0.3544863010111430    
   6.562500000000000       0.000000000000000    
   6.629529445896988      0.2622849307371237    
   6.465884414227045      0.1643985219154978    
   6.718750000000000       0.000000000000000    
   6.796875000000000      0.1728928983642608    
   7.500000000000000      0.5000000000000000    
   7.187500000000000       0.000000000000000    
   6.750000000000000      0.5000000000000000    
   7.031250000000000      0.1747021797926029    
   6.875000000000000      0.3510005269251489    
   7.250000000000000      0.5000000000000000    
   7.282343784282163      0.2420507769647297    
   7.125000000000000      0.3533241014911202    
   7.343750000000000       0.000000000000000    
   7.421875000000000      0.1486341503758355    
   7.812500000000000       0.000000000000000    
   7.441371035344922      0.3286676119655046    
   7.656250000000000      0.1769771235275268    
   7.750000000000000      0.5000000000000000    
   7.625000000000000      0.3615282714662637    
   7.830753935857496      0.3014471829385089    
   8.500000000000000      0.5000000000000000    
   8.085464645187329      0.2557411612968323    
   7.968750000000000       0.000000000000000    
   7.890625000000000      0.1465454610271497    
   8.437500000000000       0.000000000000000    
   8.250000000000000      0.5000000000000000    
   8.281250000000000       0.000000000000000    
   8.359375000000000      0.2558593750000000    
   8.203125000000000      0.1430039354638723    
   8.222383027535106      0.3410572838357270    
   8.593750000000000      0.1875670920801527    
   9.375000000000000       0.000000000000000    
   8.508802618912716      0.3323593790062746    
   8.750000000000000      0.5000000000000000    
   8.683898402985283      0.3377705535900860    
   8.775871588472196      0.1804163704261190    
   8.875000000000000      0.3544863010111430    
   9.062500000000000       0.000000000000000    
   9.500000000000000      0.5000000000000000    
   8.976574388485080      0.1813817387578337    
   9.218750000000000      0.1850635569137222    
   9.472899557817236      0.2411501105456904    
   9.250000000000000      0.5000000000000000    
   9.095387904241150      0.3328165572926655    
   9.687500000000000       0.000000000000000    
   9.750000000000000      0.5000000000000000    
   9.375000000000000      0.5000000000000000    
   9.312500000000000      0.3347797183075973    
   9.437500000000000      0.3819258414195314    
   9.626386877905821      0.3545847964175004    
   10.00000000000000      0.2500000000000000    
   9.817431219952732      0.3174312199527325    
   9.692225223456237      0.1833732567955736    
   9.531250000000000       0.000000000000000    
   9.843750000000000       0.000000000000000    
