   4.2849743906739780E-004  0.26993396348035253        6.9933963480352551E-002
   8.5714214266992966E-004  0.26992954026877958        6.9929540268779553E-002
   1.2859351487555922E-003  0.26992442274995954        6.9924422749959511E-002
   1.7148773808973582E-003  0.26991863936997856        6.9918639369978580E-002
   2.1439696227914962E-003  0.26991223595081959        6.9912235950819621E-002
   2.5732124962756574E-003  0.26990547652883401        6.9905476528833985E-002
   3.0026064437023905E-003  0.26989842173770551        6.9898421737705496E-002
   3.4321517153478123E-003  0.26989109784854404        6.9891097848543998E-002
   3.8618483623537041E-003  0.26988355808340486        6.9883558083404837E-002
   4.2916962355008127E-003  0.26987574408003634        6.9875744080036356E-002
   4.7216949898988558E-003  0.26986761594584158        6.9867615945841552E-002
   5.1518440954623854E-003  0.26985915031640706        6.9859150316407062E-002
   5.5821428528292092E-003  0.26985034120277018        6.9850341202770158E-002
   6.0125904141774171E-003  0.26984139449381905        6.9841394493819056E-002
   6.4431858082157015E-003  0.26983266147234813        6.9832661472348151E-002
   6.8739279684664903E-003  0.26982397395315127        6.9823973953151250E-002
   7.3048157638383408E-003  0.26981522863107077        6.9815228631070786E-002
   7.7358480303978197E-003  0.26980636665402674        6.9806366654026702E-002
   8.1670236032051150E-003  0.26979735369435159        6.9797353694351569E-002
   8.5983413470736986E-003  0.26978816770689079        6.9788167706890780E-002
   9.0298001851527969E-003  0.26977879617593947        6.9778796175939461E-002
   9.4613991243107376E-003  0.26976923396443986        6.9769233964439861E-002
   9.8931372764146652E-003  0.26975948094915736        6.9759480949157376E-002
   1.0325013874753066E-002  0.26974954119376499        6.9749541193764988E-002
   1.0757028285026506E-002  0.26973941601432916        6.9739416014329161E-002
   1.1189180010532214E-002  0.26972910573779474        6.9729105737794714E-002
   1.1621468691382144E-002  0.26971861370990147        6.9718613709901456E-002
   1.2053894097814004E-002  0.26970795032444311        6.9707950324443102E-002
   1.2486456117872359E-002  0.26969712684113417        6.9697126841134119E-002
   1.2919154739944197E-002  0.26968615287275532        6.9686152872755328E-002
   1.3351990030822920E-002  0.26967503646032115        6.9675036460321138E-002
   1.3784962110139515E-002  0.26966378410943198        6.9663784109431970E-002
   1.4218071122133838E-002  0.26965240079364372        6.9652400793643710E-002
   1.4651317205837729E-002  0.26964089010322201        6.9640890103221997E-002
   1.5084700464801412E-002  0.26962925389607784        6.9629253896077853E-002
   1.5518220937513287E-002  0.26961749245632083        6.9617492456320790E-002
   1.5951878569640091E-002  0.26960560126286859        6.9605601262868591E-002
   1.6385673189150265E-002  0.26959355042822780        6.9593550428227804E-002
   1.6819604485280533E-002  0.26958132487323960        6.9581324873239564E-002
   1.7253671992167739E-002  0.26956890521702509        6.9568905217025107E-002
   1.7687875077799911E-002  0.26955628700348599        6.9556287003485956E-002
   1.8122212938748206E-002  0.26954345151970271        6.9543451519702731E-002
   1.8556684600931850E-002  0.26953038937396745        6.9530389373967466E-002
   1.8991288926448920E-002  0.26951708875152569        6.9517088751525652E-002
   1.9426024626284899E-002  0.26950352801543392        6.9503528015433913E-002
   1.9860890278496229E-002  0.26948969598703559        6.9489695987035610E-002
   2.0295884351265919E-002  0.26947558431400315        6.9475584314003122E-002
   2.0731005230049528E-002  0.26946118587657153        6.9461185876571518E-002
   2.1166251247879658E-002  0.26944649210216598        6.9446492102165969E-002
   2.1601620717780701E-002  0.26943149835538077        6.9431498355380775E-002
   2.2037111966167661E-002  0.26941620398977284        6.9416203989772857E-002
   2.2472723366065966E-002  0.26940060970449198        6.9400609704492008E-002
   2.2908453368994879E-002  0.26938471760505067        6.9384717605050647E-002
