   4.2849743906739780E-004   6.8000002136136439E-002   1.9302274122527023E-008
   8.5714214266992966E-004   6.8000002188441891E-002   1.9354579577315024E-008
   1.2859351487555922E-003   6.8000002289202707E-002   1.9455340387925609E-008
   1.7148773808973582E-003   6.8000002462565629E-002   1.9628703312162939E-008
   2.1439696227914962E-003   6.8000002732583761E-002   1.9898721439125913E-008
   2.5732124962756574E-003   6.8000003123169200E-002   2.0289306888248276E-008
   3.0026064437023905E-003   6.8000003658045663E-002   2.0824183347538691E-008
   3.4321517153478123E-003   6.8000004360701111E-002   2.1526838797402080E-008
   3.8618483623537041E-003   6.8000005254340606E-002   2.2420478287614635E-008
   4.2916962355008127E-003   6.8000006361839352E-002   2.3527977037310511E-008
   4.7216949898988558E-003   6.8000007705696128E-002   2.4871833811793610E-008
   5.1518440954623854E-003   6.8000009307987275E-002   2.6474124954406856E-008
   5.5821428528292092E-003   6.8000011190321175E-002   2.8356458855373773E-008
   6.0125904141774171E-003   6.8000013373793716E-002   3.0539931392124952E-008
   6.4431858082157015E-003   6.8000015878944484E-002   3.3045082159235963E-008
   6.8739279684664903E-003   6.8000018725714081E-002   3.5891851757419485E-008
   7.3048157638383408E-003   6.8000021933402655E-002   3.9099540346766684E-008
   7.7358480303978197E-003   6.8000025520629725E-002   4.2686767411483946E-008
   8.1670236032051150E-003   6.8000029505295378E-002   4.6671433064562655E-008
   8.5983413470736986E-003   6.8000033904543039E-002   5.1070680718273965E-008
   9.0298001851527969E-003   6.8000038734723864E-002   5.5900861546004317E-008
   9.4613991243107376E-003   6.8000044011362809E-002   6.1177500502193307E-008
   9.8931372764146652E-003   6.8000049749126545E-002   6.6915264230391485E-008
   1.0325013874753066E-002   6.8000055961792927E-002   7.3127930606169615E-008
   1.0757028285026506E-002   6.8000062662222513E-002   7.9828360196894027E-008
   1.1189180010532214E-002   6.8000069862331869E-002   8.7028469548630874E-008
   1.1621468691382144E-002   6.8000077573068626E-002   9.4739206303965626E-008
   1.2053894097814004E-002   6.8000085804388488E-002   1.0297052617050828E-007
   1.2486456117872359E-002   6.8000094565234023E-002   1.1173137170031977E-007
   1.2919154739944197E-002   6.8000103863515238E-002   1.2102965291898633E-007
   1.3351990030822920E-002   6.8000113706092213E-002   1.3087222989162592E-007
   1.3784962110139515E-002   6.8000124098759301E-002   1.4126489697996879E-007
   1.4218071122133838E-002   6.8000135046231411E-002   1.5221236909685597E-007
   1.4651317205837729E-002   6.8000146552132074E-002   1.6371826976263650E-007
   1.5084700464801412E-002   6.8000158618983494E-002   1.7578512117556383E-007
   1.5518220937513287E-002   6.8000171248198515E-002   1.8841433620344404E-007
   1.5951878569640091E-002   6.8000184440074787E-002   2.0160621247236374E-007
   1.6385673189150265E-002   6.8000198193790828E-002   2.1535992851744808E-007
   1.6819604485280533E-002   6.8000212507404539E-002   2.2967354222913885E-007
   1.7253671992167739E-002   6.8000227377853745E-002   2.4454399143855085E-007
   1.7687875077799911E-002   6.8000242800959329E-002   2.5996709700800231E-007
   1.8122212938748206E-002   6.8000258771430566E-002   2.7593756824803781E-007
   1.8556684600931850E-002   6.8000275282873238E-002   2.9244901091331694E-007
   1.8991288926448920E-002   6.8000292327799999E-002   3.0949393769187476E-007
   1.9426024626284899E-002   6.8000309897643677E-002   3.2706378136617395E-007
   1.9860890278496229E-002   6.8000327982772849E-002   3.4514891053472201E-007
   2.0295884351265919E-002   6.8000346572510292E-002   3.6373864797825774E-007
   2.0731005230049528E-002   6.8000365655153883E-002   3.8282129156106526E-007
   2.1166251247879658E-002   6.8000385218000031E-002   4.0238413771165088E-007
   2.1601620717780701E-002   6.8000405247369597E-002   4.2241350728158138E-007
   2.2037111966167661E-002   6.8000425728636155E-002   4.4289477383538669E-007
   2.2472723366065966E-002   6.8000446646256360E-002   4.6381239404897314E-007
   2.2908453368994879E-002   6.8000467983802534E-002   4.8514994021610523E-007
