   4.2849743906739780E-004   2.6900005854710699E-002   5.1413452204106344E-010
   8.5714214266992966E-004   2.6900005853701569E-002   5.1312539484248891E-010
   1.2859351487555922E-003   2.6900005850451852E-002   5.0987567760106289E-010
   1.7148773808973582E-003   2.6900005843839767E-002   5.0326359197103393E-010
   2.1439696227914962E-003   2.6900005832743851E-002   4.9216767543877821E-010
   2.5732124962756574E-003   2.6900005816043859E-002   4.7546768328643946E-010
   3.0026064437023905E-003   2.6900005792621626E-002   4.5204544917809680E-010
   3.4321517153478123E-003   2.6900005761361971E-002   4.2078579866942964E-010
   3.8618483623537041E-003   2.6900005721153617E-002   3.8057744172275295E-010
   4.2916962355008127E-003   2.6900005670890077E-002   3.3031390321551545E-010
   4.7216949898988558E-003   2.6900005609470621E-002   2.6889444477539155E-010
   5.1518440954623854E-003   2.6900005535801158E-002   1.9522498249098357E-010
   5.5821428528292092E-003   2.6900005448795207E-002   1.0821903279210907E-010
   6.0125904141774171E-003   2.6900005347374800E-002   6.7986265628844291E-012
   6.4431858082157015E-003   2.6900005230471445E-002  -1.1010472842752970E-010
   6.8739279684664903E-003   2.6900005097027023E-002  -2.4354914981255311E-010
   7.3048157638383408E-003   2.6900004945994729E-002  -3.9458144775226256E-010
   7.7358480303978197E-003   2.6900004776339959E-002  -5.6423621662768610E-010
   8.1670236032051150E-003   2.6900004587041240E-002  -7.5353493480463353E-010
   8.5983413470736986E-003   2.6900004377091079E-002  -9.6348509362465105E-010
   9.0298001851527969E-003   2.6900004145496870E-002  -1.1950793068517690E-009
   9.4613991243107376E-003   2.6900003891281696E-002  -1.4492944783532713E-009
   9.8931372764146652E-003   2.6900003613485223E-002  -1.7270909522350288E-009
   1.0325013874753066E-002   2.6900003311164485E-002  -2.0294116898206704E-009
   1.0757028285026506E-002   2.6900002983394698E-002  -2.3571814747862561E-009
   1.1189180010532214E-002   2.6900002629270073E-002  -2.7113061056812669E-009
   1.1621468691382144E-002   2.6900002247904554E-002  -3.0926716202511689E-009
   1.2053894097814004E-002   2.6900001838432656E-002  -3.5021435188856732E-009
   1.2486456117872359E-002   2.6900001400010184E-002  -3.9405659950120638E-009
   1.2919154739944197E-002   2.6900000931814994E-002  -4.4087611800569417E-009
   1.3351990030822920E-002   2.6900000433047799E-002  -4.9075283770817289E-009
   1.3784962110139515E-002   2.6899999902932865E-002  -5.4376433091425023E-009
   1.4218071122133838E-002   2.6899999340718812E-002  -5.9998573637320195E-009
   1.4651317205837729E-002   2.6899998745679346E-002  -6.5948968301692016E-009
   1.5084700464801412E-002   2.6899998117114025E-002  -7.2234621524590910E-009
   1.5518220937513287E-002   2.6899997454349005E-002  -7.8862271733723760E-009
   1.5951878569640091E-002   2.6899996756737789E-002  -8.5838383848736252E-009
   1.6385673189150265E-002   2.6899996023661988E-002  -9.3169141862565372E-009
   1.6819604485280533E-002   2.6899995254532030E-002  -1.0086044149053823E-008
   1.7253671992167739E-002   2.6899994448787871E-002  -1.0891788304769586E-008
   1.7687875077799911E-002   2.6899993605899737E-002  -1.1734676440139910E-008
   1.8122212938748206E-002   2.6899992725368752E-002  -1.2615207423227801E-008
   1.8556684600931850E-002   2.6899991806727624E-002  -1.3533848550398679E-008
   1.8991288926448920E-002   2.6899990849541238E-002  -1.4491034935035799E-008
   1.9426024626284899E-002   2.6899989853407254E-002  -1.5487168922760388E-008
   1.9860890278496229E-002   2.6899988817956619E-002  -1.6522619553033194E-008
   2.0295884351265919E-002   2.6899987742854098E-002  -1.7597722076439427E-008
   2.0731005230049528E-002   2.6899986627798689E-002  -1.8712777488125085E-008
   2.1166251247879658E-002   2.6899985472524035E-002  -1.9868052139026492E-008
   2.1601620717780701E-002   2.6899984276798801E-002  -2.1063777372622758E-008
   2.2037111966167661E-002   2.6899983040426945E-002  -2.2300149227607744E-008
   2.2472723366065966E-002   2.6899981763248006E-002  -2.3577328167933922E-008
   2.2908453368994879E-002   2.6899980445137313E-002  -2.4895438864463694E-008
