   4.2849743906739780E-004  -4.8182559114594918E-012   1.3440088903059337E-002
   8.5714214266992966E-004   4.7030194036110423E-010   1.3440089378179532E-002
   1.2859351487555922E-003   4.4540844770927222E-010   1.3440089353286040E-002
   1.7148773808973582E-003   4.1085745321213343E-010   1.3440089318735044E-002
   2.1439696227914962E-003   3.6665672648328595E-010   1.3440089274534319E-002
   2.5732124962756574E-003   3.1281790747053432E-010   1.3440089220695499E-002
   3.0026064437023905E-003   2.4935454951193710E-010   1.3440089157232143E-002
   3.4321517153478123E-003   1.7628194809736844E-010   1.3440089084159539E-002
   3.8618483623537041E-003   9.3604457156987351E-011   1.3440089001482049E-002
   4.2916962355008127E-003   1.3484500077669208E-012   1.3440088909226043E-002
   4.7216949898988558E-003   1.3149219717501226E-008   1.3440102057097310E-002
   5.1518440954623854E-003   1.3005074582104298E-008   1.3440101912952175E-002
   5.5821428528292092E-003   1.2850005042348361E-008   1.3440101757882635E-002
   6.0125904141774171E-003   1.2684499544514963E-008   1.3440101592377138E-002
   6.4431858082157015E-003   1.2508297991863945E-008   1.3440101416175583E-002
   6.8739279684664903E-003   1.2321475664038142E-008   1.3440101229353258E-002
   7.3048157638383408E-003   1.2126055222174609E-008   1.3440101033932813E-002
   7.7358480303978197E-003   1.1921451067854196E-008   1.3440100829328658E-002
   8.1670236032051150E-003   1.1705438019047875E-008   1.3440100613315612E-002
   8.5983413470736986E-003   1.1480109099433169E-008   1.3440100387986691E-002
   9.0298001851527969E-003   1.1244286084894233E-008   1.3440100152163677E-002
   9.4613991243107376E-003   1.0998469227212956E-008   1.3440099906346819E-002
   9.8931372764146652E-003   1.0742572175967225E-008   1.3440099650449767E-002
   1.0325013874753066E-002   1.0476704590245747E-008   1.3440099384582184E-002
   1.0757028285026506E-002   1.0200912183276334E-008   1.3440099108789776E-002
   1.1189180010532214E-002   9.9152639617073738E-009   1.3440098823141556E-002
   1.1621468691382144E-002   9.6198231759546332E-009   1.3440098527700768E-002
   1.2053894097814004E-002   9.3146570107512544E-009   1.3440098222534603E-002
   1.2486456117872359E-002   8.9998333753433517E-009   1.3440097907710967E-002
   1.2919154739944197E-002   8.6754219328777629E-009   1.3440097583299525E-002
   1.3351990030822920E-002   8.3414936631456530E-009   1.3440097249371256E-002
   1.3784962110139515E-002   7.9981207923333314E-009   1.3440096905998386E-002
   1.4218071122133838E-002   7.6453402901440926E-009   1.3440096553217882E-002
   1.4651317205837729E-002   7.2828343460743446E-009   1.3440096190711938E-002
   1.5084700464801412E-002   6.9105950971433671E-009   1.3440095818472690E-002
   1.5518220937513287E-002   6.5286931267728146E-009   1.3440095436570720E-002
   1.5951878569640091E-002   6.1373148994354353E-009   1.3440095045192491E-002
   1.6385673189150265E-002   5.7371126879689714E-009   1.3440094644990280E-002
   1.6819604485280533E-002   5.3287741415903385E-009   1.3440094236651734E-002
   1.7253671992167739E-002   4.9126531346009106E-009   1.3440093820530727E-002
   1.7687875077799911E-002   4.4874414387363337E-009   1.3440093395319031E-002
   1.8122212938748206E-002   4.0531349758252520E-009   1.3440092961012569E-002
   1.8556684600931850E-002   3.6097766858304041E-009   1.3440092517654278E-002
   1.8991288926448920E-002   3.1574510094144730E-009   1.3440092065328603E-002
   1.9426024626284899E-002   2.6961826511998723E-009   1.3440091604060242E-002
   1.9860890278496229E-002   2.2257985368540014E-009   1.3440091133676129E-002
   2.0295884351265919E-002   1.7471091247742687E-009   1.3440090654986718E-002
   2.0731005230049528E-002   1.2598212222368413E-009   1.3440090167698813E-002
   2.1166251247879658E-002   7.6402660005299700E-010   1.3440089671904194E-002
   2.1601620717780701E-002   2.5989262360721027E-010   1.3440089167770215E-002
   2.2037111966167661E-002   1.2055725614389627E-007   1.3440209465133735E-002
   2.2472723366065966E-002   1.1927740969782253E-007   1.3440208185287291E-002
   2.2908453368994879E-002   1.1797962627414741E-007   1.3440206887503867E-002
