   4.2849743906739780E-004  0.17015584252012761        1.5583775175602527E-004
   8.5714214266992966E-004  0.17015628359825685        1.5627882988526298E-004
   1.2859351487555922E-003  0.17015672582710434        1.5672105873274812E-004
   1.7148773808973582E-003  0.17015716920460400        1.5716443623241521E-004
   2.1439696227914962E-003  0.17015761372776347        1.5760895939186969E-004
   2.5732124962756574E-003  0.17015805939247297        1.5805462410140150E-004
   3.0026064437023905E-003  0.17015850619333356        1.5850142496196334E-004
   3.4321517153478123E-003  0.17015895412350704        1.5894935513546257E-004
   3.8618483623537041E-003  0.17015940317459266        1.5939840622107543E-004
   4.2916962355008127E-003  0.17015985333653105        1.5984856815946829E-004
   4.7216949898988558E-003  0.17016030459753984        1.6029982916823096E-004
   5.1518440954623854E-003  0.17016075694408123        1.6075217570964086E-004
   5.5821428528292092E-003  0.17016121036086418        1.6120559249260181E-004
   6.0125904141774171E-003  0.17016166483088080        1.6166006250922479E-004
   6.4431858082157015E-003  0.17016212033547820        1.6211556710662214E-004
   6.8739279684664903E-003  0.17016257685446529        1.6257208609368840E-004
   7.3048157638383408E-003  0.17016303436625338        1.6302959788180022E-004
   7.7358480303978197E-003  0.17016349284803040        1.6348807965882166E-004
   8.1670236032051150E-003  0.17016395227596592        1.6394750759431297E-004
   8.5983413470736986E-003  0.17016441262544565        1.6440785707407950E-004
   9.0298001851527969E-003  0.17016487387133344        1.6486910296184965E-004
   9.4613991243107376E-003  0.17016533598825670        1.6533121988510216E-004
   9.8931372764146652E-003  0.17016579895091410        1.6579418254248656E-004
   1.0325013874753066E-002  0.17016626273440125        1.6625796602967041E-004
   1.0757028285026506E-002  0.17016672731455174        1.6672254618014463E-004
   1.1189180010532214E-002  0.17016719266829000        1.6718789991840166E-004
   1.1621468691382144E-002  0.17016765877399292        1.6765400562133114E-004
   1.2053894097814004E-002  0.17016812561185687        1.6812084348527488E-004
   1.2486456117872359E-002  0.17016859316426672        1.6858839589513195E-004
   1.2919154739944197E-002  0.17016906141616395        1.6905664779236305E-004
   1.3351990030822920E-002  0.17016953035541033        1.6952558703871857E-004
   1.3784962110139515E-002  0.17016999997314425        1.6999520477265151E-004
   1.4218071122133838E-002  0.17017047026412679        1.7046549575520570E-004
   1.4651317205837729E-002  0.17017094122707432        1.7093645870271617E-004
   1.5084700464801412E-002  0.17017141286497503        1.7140809660344289E-004
   1.5518220937513287E-002  0.17017188518538667        1.7188041701508025E-004
   1.5951878569640091E-002  0.17017235820071203        1.7235343234045460E-004
   1.6385673189150265E-002  0.17017283192845040        1.7282716007879740E-004
   1.6819604485280533E-002  0.17017330639142134        1.7330162304974680E-004
   1.7253671992167739E-002  0.17017378161795904        1.7377684958743599E-004
   1.7687875077799911E-002  0.17017425764207367        1.7425287370207213E-004
   1.8122212938748206E-002  0.17017473450357784        1.7472973520626979E-004
   1.8556684600931850E-002  0.17017521224817583        1.7520747980423761E-004
   1.8991288926448920E-002  0.17017569092751214        1.7568615914054144E-004
   1.9426024626284899E-002  0.17017617059917878        1.7616583080718725E-004
   1.9860890278496229E-002  0.17017665132667792        1.7664655830632850E-004
   2.0295884351265919E-002  0.17017713317933889        1.7712841096729755E-004
   2.0731005230049528E-002  0.17017761623218733        1.7761146381574307E-004
   2.1166251247879658E-002  0.17017810056576649        1.7809579739487709E-004
   2.1601620717780701E-002  0.17017858626590818        1.7858149753659775E-004
   2.2037111966167661E-002  0.17017907342345481        1.7906865508321898E-004
   2.2472723366065966E-002  0.17017956213393082        1.7955736555921547E-004
   2.2908453368994879E-002  0.17018005249716547        1.8004772879388225E-004
