   4.2849743906739780E-004   0.0000000000000000        2.4267977527736451E-002
   8.5714214266992966E-004   0.0000000000000000        2.4267977527736451E-002
   1.2859351487555922E-003   0.0000000000000000        2.4267977527736451E-002
   1.7148773808973582E-003   0.0000000000000000        2.4267977527736451E-002
   2.1439696227914962E-003   0.0000000000000000        2.4267977527736451E-002
   2.5732124962756574E-003   0.0000000000000000        2.4267977527736451E-002
   3.0026064437023905E-003   0.0000000000000000        2.4267977527736451E-002
   3.4321517153478123E-003   0.0000000000000000        2.4267977527736451E-002
   3.8618483623537041E-003   0.0000000000000000        2.4267977527736451E-002
   4.2916962355008127E-003   0.0000000000000000        2.4267977527736451E-002
   4.7216949898988558E-003   0.0000000000000000        2.4267977527736451E-002
   5.1518440954623854E-003   0.0000000000000000        2.4267977527736451E-002
   5.5821428528292092E-003   0.0000000000000000        2.4267977527736451E-002
   6.0125904141774171E-003   0.0000000000000000        2.4267977527736451E-002
   6.4431858082157015E-003   0.0000000000000000        2.4267977527736451E-002
   6.8739279684664903E-003   0.0000000000000000        2.4267977527736451E-002
   7.3048157638383408E-003   0.0000000000000000        2.4267977527736451E-002
   7.7358480303978197E-003   0.0000000000000000        2.4267977527736451E-002
   8.1670236032051150E-003   0.0000000000000000        2.4267977527736451E-002
   8.5983413470736986E-003   0.0000000000000000        2.4267977527736451E-002
   9.0298001851527969E-003   0.0000000000000000        2.4267977527736451E-002
   9.4613991243107376E-003   0.0000000000000000        2.4267977527736451E-002
   9.8931372764146652E-003   0.0000000000000000        2.4267977527736451E-002
   1.0325013874753066E-002   0.0000000000000000        2.4267977527736451E-002
   1.0757028285026506E-002   0.0000000000000000        2.4267977527736451E-002
   1.1189180010532214E-002   0.0000000000000000        2.4267977527736451E-002
   1.1621468691382144E-002   0.0000000000000000        2.4267977527736451E-002
   1.2053894097814004E-002   0.0000000000000000        2.4267977527736451E-002
   1.2486456117872359E-002   0.0000000000000000        2.4267977527736451E-002
   1.2919154739944197E-002   0.0000000000000000        2.4267977527736451E-002
   1.3351990030822920E-002   0.0000000000000000        2.4267977527736451E-002
   1.3784962110139515E-002   0.0000000000000000        2.4267977527736451E-002
   1.4218071122133838E-002   0.0000000000000000        2.4267977527736451E-002
   1.4651317205837729E-002   0.0000000000000000        2.4267977527736451E-002
   1.5084700464801412E-002   0.0000000000000000        2.4267977527736451E-002
   1.5518220937513287E-002   0.0000000000000000        2.4267977527736451E-002
   1.5951878569640091E-002   0.0000000000000000        2.4267977527736451E-002
   1.6385673189150265E-002   0.0000000000000000        2.4267977527736451E-002
   1.6819604485280533E-002   0.0000000000000000        2.4267977527736451E-002
   1.7253671992167739E-002   0.0000000000000000        2.4267977527736451E-002
   1.7687875077799911E-002   0.0000000000000000        2.4267977527736451E-002
   1.8122212938748206E-002   0.0000000000000000        2.4267977527736451E-002
   1.8556684600931850E-002   0.0000000000000000        2.4267977527736451E-002
   1.8991288926448920E-002   0.0000000000000000        2.4267977527736451E-002
   1.9426024626284899E-002   0.0000000000000000        2.4267977527736451E-002
   1.9860890278496229E-002   0.0000000000000000        2.4267977527736451E-002
   2.0295884351265919E-002   0.0000000000000000        2.4267977527736451E-002
   2.0731005230049528E-002   0.0000000000000000        2.4267977527736451E-002
   2.1166251247879658E-002   0.0000000000000000        2.4267977527736451E-002
   2.1601620717780701E-002   0.0000000000000000        2.4267977527736451E-002
   2.2037111966167661E-002   0.0000000000000000        2.4267977527736451E-002
   2.2472723366065966E-002   0.0000000000000000        2.4267977527736451E-002
   2.2908453368994879E-002   0.0000000000000000        2.4267977527736451E-002
