         486           3         755           2         215
       140       258       137       359       366       358         1
       465        81       278       101       715        94         1
        20       106       289       531       415        26         1
       361        55       398        59       604        65         1
        94       267       265       374       117       373         1
       274        50         5         0       388       387         1
       190       329       354       492       262       491         1
       379       364        24       324       319       572         1
       161       320        33       472       573       473         1
       444       446       197         0       267       681         1
       480        70       407       619        89       744         1
        14        89       267       374       375       749         1
       369        84       411       627       626       555         1
       224       247       259       360       341        90         1
       134       260       143       363       188       362         1
       335       263       199       263       278       501         1
       254       127       253       351       353       435         1
       294       370       108       356       146       424         1
       396       371        13        67        55       600         1
       103       284       104       410       644       406         1
        23       389       388       586         0       279         1
       374       221       348         0       521       327         1
       359        34       351         0       539       538         1
       325       376        12       235       482       241         1
       292        89       112       641       421       104         1
       106        20       268       376       132         3         1
       321       269       149       456       475       474         1
       259       229        30       300       341       361         1
       233       231       379       570       319       704         1
       159       434       380       663         0       212         1
       148       312       313       200         0       457         1
       174       350       358       537       536       524         1
       382       481        54       746       544        34         1
        36       481       382        33        62       745         1
       252       130       301       171       438       349         1
       386        37       402        78       611        84         1
       285       103       473       730       403       406         1
       446       387        23       279         0       684         1
       196       334       198       499       540       500         1
        42        45       390       589       585        44         1
       391        48       411       103       627         0         1
        42       451       392       691        44       692         1
       271        41       390       590       589       382         1
       392        45        42        40        42       593         1
       272        43        47       102        47       384         1
         5        46       273       385       388         0         1
       272        47       271        48       234        45         1
       273       271        47        47        52       385         1
       369       393        49       575        51       551         1
        52       393       394       594        56       595         1
        49        50       369       555        49         0         1
       274       273        47        48       386       388         1
        15       394       395       599         0       597         1
       481       381        52       595       746       745         1
        61       396        13        19         0       598         1
        52       394       397       597        57        50         1
       397        54        52       746        56       602         1
        57       385       363       578        60       580         1
        55        56       398       603         4         0         1
        57       363       361        64       604        58         1
        53       384        54       544       602       574         1
       382        56        36         0        34       603         1
       399        58       400         0       608       545         1
       363        59       361       543        60       606         1
        55       361        61       543         0         4         1
         7       372       400       558         0       560         1
       371       373        13         0        19       559         1
       372       371        60       600       558       561         1
        59       399       396       605       598       606         1
        63        66       401       607       563        73         1
        69       275        66        72        79       389         1
        62        66       275        71       390       607         1
        74        66        63        70        74        87         1
       372        74        63        73       561       560         1
        69       276        64         0        80       391         1
       368       480        64       743         0       744         1
        68       402       275       610       389       611         1
        37        67       402       610        36         0         1
        65        69        66        71        87       391         1
        64        68        69       389        75       743         1
       405       403        79       622       614        82         1
       405        75       403       612        81       617         1
       404        21       403       613       612         0         1
        37       386        73       583         0        36         1
         7        65        74        87       560         0         1
       406        72       407        89       620       618         1
        66        74        65        85        79        73         1
       406        71        73         0       618       616         1
        72       480       407        11        86       554         1
       224       277       247       519        14       392         1
        81       482        78       748        97        96         1
       409        79       482       747        96       614         1
        71       405        77       623         0       616         1
        10        81       465         2       716       621         1
        83        78        76         0       100        97         1
       409       482        81        91       621        92         1
        83        81        78        91        95       101         1
       409        10        77         0       623       621         1
       346       222       345       340       522         0         1
       462        83        76        95       304       711         1
        81        83       278       394         2        97         1
        43       410        47       386        45       624         1
       411        48       395         0       596        41         1
       292       264        89       111        25       417         1
        85       328       329       489       257       251         1
        86       416        99       633       123       635         1
        92       279        95       115         0       396         1
       112       483       412       114       133       641         1
       105       412       413       631       647       629         1
       279       414        96       120       397       396         1
       264       265        89       374       104       370         1
       420       418        96       397       642       118         1
       268       280       105       629       142       377         1
       412       483        90       750       631       108         1
        95       279        94       639       117       107         1
         8       285       417       122       637       407         1
       265        95        94       115         5       371         1
        93       418       420       112         0       638         1
        99        97       281       636       402       633         1
       414       416        96       642       110       632         1
       473        98       282       125       126       731         1
       285       281       417       636       116       128         1
        98        86        99       106       125         0         1
       121       427       421       154       643       651         1
        99       282        98       121       123       402         1
       282       101       473       403       121       401         1
       102       100       284       405       408         0         1
       281       285       101       403       401       122         1
       100       118       286       409       405         0         1
       422       423       421       646       645       640         1
       103       423        19       640       730       644         1
       424       106       268        26       142       648         1
       280       112       412       108       629       421         1
       113       287       110       755       136       411         1
       288       289       107       137       414       413         1
       113       110       288       413       422       134         1
       353       107       289       135       531         0         1
       425         6       377       568       565         0         1
       293       290       113       411       422       144         1
       486        20       110       415       755         0         1
        88       292        87       399         0       417         1
       105       424       268       132       113       647         1
        14       419       483       750       749         0         1
        28       290       293       139         0       420         1
       474       294       116       426       732       151         1
       108       114       294       423        18         0         1
       295       287       116       418       426       425         1
       109       295       114       423         0       425         1
       257       256       124       557       239       246         1
       129       120       296       427       429         0         1
       474       122       294       424       145       434         1
       104       286       298       409       431       410         1
        38       129       297       429       155         0         1
       421       427       119       652       645       124         1
       298        38       297       153       167       432         1
        28       291       474       733       420         0         1
       125       117       115         0       161       158         1
       125       299       117       419       157       162         1
       182       251       180       672       357       348         1
       124       125       182       161       239       433         1
       182       125       115       157       348       160         1
       370       299       125       158       433       556         1
       127       300       128       436       428       435         1
       252       132       133       172       174       438         1
       133       131       126         0       173       172         1
       427        39       426         0       652       649         1
       121       298       297       155       430       431         1
       428       140       261       365       364       358         1
       127       297       296       429       352       428         1
       131       132        11       657         0       172         1
        22       301       130        35         0       177         1
       133       132       131       170       165       164         1
       126       253       133       347       165       353         1
       255       252       133       164       347       354         1
       302       258       138       654       658       182         1
       475       305       145       185       190       194         1
       431       301        22       171       437       179         1
       134       261       262       365       362         0         1
       132       301       431       177       659       438         1
       428       429       138       655       654       656         1
       262       137       141       660       183       366         1
       302       139       258       359       175       440         1
       141       260       262       362       181       363         1
       136       303       432       186         0       441         1
       303       145       305       176       446       193         1
       303       141       432       660       184       442         1
       144       304       146       449         0       443         1
       142       134       143        15       445         0         1
       150       269       472       729       728       379         1
       147       475       145       176       444       734         1
       304       145       307       193       449       444         1
       164       166       149       475       218       196         1
       303       307       145       191       185       441         1
       305       475       142       735       445       176         1
        29       309       308       451         0       447         1
       164       312       166       457       192       458         1
       472       309       147       734       219       378         1
       310       156       315       463       203       454         1
        17       311       150       379         0       455         1
       312       155       313       460        31       461         1
       316       314       164       458       465       464         1
       152       310       155       217       205       454         1
       163       310       315       198       751       453         1
       157       315        33       463       472       462         1
       314       152       155       202       461       459         1
       154       316        17       455         0       464         1
        32       317       168       211         0       466         1
       433       153       163       666       662         0         1
       160        25       162       215       664         0         1
       157       320       162       473       215       472         1
       317       318       168       226       207       467         1
       434       159       318       226       469        30         1
       435       434       167       469       661       665         1
       161       435       162       664       473       665         1
       157       162        25       209       752       210         1
       484        25       433         0       662       752         1
       310       436       155       460       202       453         1
       164       149       311       456       465       192         1
       304       472       147       197       444       443         1
       308       321       151       222         0       450         1
       148       151       166       222       457         0         1
       166       151       321       220       475       221         1
       208       322       172       480         0       476         1
       160       435       437       661         0       664         1
       170       317       174       466       536       467         1
       159       168       318       211       212         0         1
       358       270       170       470       536       380         1
       456       323       213       287       699       292         1
       167       318       319       468       669       469         1
       206       211       438       668       289       506         1
       351       169       350       537       539         0         1
       175       172       324       480       481         0         1
       175       174        32       466         0       236         1
       271        45       272       383        47       589         1
       376       378        12         0        24       567         1
       174       175       173       481       524       233         1
       439       325       180       483       672       671         1
       439       176       425         0       650       245         1
       124       182       257       357       149       160         1
       181       185       440       673       571       248         1
       376       325       177       671       243        24         1
       123       257       179       355         0       246         1
       377       376       177       241       565       569         1
       354       330       441       493       262       490         1
       251       176       439       238       672         0         1
       257       123       256         0       149       242         1
       186       178       326       484       488         0         1
       192       185       181       240       249       260         1
       377       192       181       248       569       568         1
       327       183       187       528       252       487         1
        85       186       328       488       105         0         1
       327       187       326       253       485       250         1
       328       326       187       252       489       488         1
       198       355       360       541       540       533         1
       442       263       196       500       677       263         1
       356        26       355       541       494         0         1
        85       329       191       491         0       105         1
         6       184       192       260       568         0         1
       332       190       441       262       676       496         1
       185       192       184       258       486       248         1
       332       189       191         0       496       498         1
       190       354       441       244       259         7         1
       263       442       199       680        16       255         1
       193       198       333       497       270       533         1
       360       331       196       677       540       532         1
        18       194       334       499       368         0         1
       335       444       197        10       273       502         1
        40       449       443       688         0       689         1
       333       194       189         0       498       497         1
       332       193       333       264       498       676         1
       448       202       447       683       275       584         1
       200       199       449       688       689       278         1
       203       335       197       267         0       501         1
       200       445       447       685       682       679         1
       447       201       448       686       271       685         1
         9       451       450       277         0       691         1
       451       204       450       690       276       587         1
       335       199       200       272       502        16         1
        23       387       389       588        21        38         1
       209       336       477       504       738         0         1
       338       206       337       286       505       506         1
       336        34       207       538       504         0         1
       207       173       324       481       477       526         1
       206       477       322       736       286       738         1
       456       452       205         0       700       699         1
       322       337       206       281       284       476         1
       323       453       213       295       228       288         1
       323       210       453       693       287       479         1
       209       206       438       230       670       738         1
         1       214       217       296       294         0         1
       338       212       323       479       478       507         1
       323       456       211       668       478       228         1
       454         4       457       702       701         0         1
       217       216         1         0       290       298         1
       453       455       213       694       287       695         1
       455       217       214       290       698       696         1
       215       457       216       702       298       701         1
       216       217       215       696       297       294         1
       458       218       342       315       312       317         1
       229       228        30         0        28       513         1
       347       339       250       342       739       344         1
       240       461       220       337         0       707         1
       247       345       225       340       309       519         1
       346       462        76       100         0       520         1
       463       223       277       307       393       710         1
       226       225        16         0       515       309         1
       277       223       345       522       519       305         1
       460       231       459       311       708       718         1
       225       226       247       360       303       306         1
       357       229       226       361       515       313         1
       231       458       459       703       308       704         1
       342       230       458       703       299       314         1
       229       357       342       314       513       310         1
       357       230       342       312       313       516         1
       228       342       218       299         0       513         1
       232       365       367       553         0       550         1
       218       458       233       704         0       299         1
       237       344       236       552       322       517         1
        24       233       379        29         8         0         1
       365       236       364       548       547       322         1
       367       466       219       706         0       549         1
       236       365       237       550       318       320         1
       238       479       344       552       517       518         1
        24       364       366       548         0         8         1
       232        31       237       326       550         0         1
       237        31       238       753       517       325         1
       375       221       374        22       564         0         1
       240       235       467       719       707         0         1
       375       469       239       334         0       566         1
        31       468       485       754       753         0         1
       467       241       461       709       707       722         1
         3       249       341       511       343         0         1
       244       478       348       740         0       525         1
       239       469       241       709       721       329         1
       349       248       347       344       527       523         1
       243       470       461       337       723       724         1
       470       220       461       302       336       725         1
       470       246       471       727       726       562         1
       245       471       242       345         0       726         1
       225       345       222        99         0       303         1
       224       259        30        28         0        14         1
       339       242       250       345       301       509         1
       341       340         3         0       332       512         1
       347       248       339       510       301       335         1
       471       250       242       342       339       727         1
       250       246       478       740       739       727         1
       133       253       255       351       174       173         1
       182       115       251         0       159       161         1
       120       130       252        35       354         0         1
       254        39       300       436       435         0         1
       253       127       255       352       347        17         1
       296       255       127       351       169       427         1
       253       126       254         0        17       173         1
       120       252       255       174       427       349         1
       257       180       179       483       242       357         1
       370       256       108         0        18       557         1
       182       180       257       355       239       159         1
       258       140       428       168       654         1         1
       139       137       258         1       182         0         1
       247       226       259       361        14       309         1
       229       259       226       360       310        28         1
       262       260       134        15       178       183         1
       141       143       260        15       183       442         1
       135       428       261       168         0       656         1
       261       140       262       366       178       168         1
       137       262       140       365         1       181         1
       203        18       263       368       501         0         1
       263        18       334       266       500       367         1
        88        27       264       370       417         0         1
       265       264        27       369       371       111         1
        95       265        27       370         0       117         1
       266       267       418       373       638       375         1
       418       267        94         5       639       372         1
       267        89       265       111         5        12         1
        14       267       266       372         0        12         1
        20       111       268       377        26         0         1
       268       111       280       398       113       376         1
       309       472       165       729       451       197         1
       311       269       150       189       199       456         1
       169       270       358       227       537         0         1
       319       270       158         0       471       470         1
        46        41       271        43       385         0         1
        45        44       272       530       234       593         1
        43       272       352       530         0        45         1
       271       273        46        46       382        48         1
        47       410       274       625        52       102         1
        50       274        84       625       555         6         1
         5       273       274        52         6        46         1
        68       275        69        71        80        77         1
        62       275        67       610         0        72         1
        69        65       276         0        75        79         1
       224        80       277       393        90         0         1
       277        80       463       712       305       392         1
        83        82       278       715       101       711         1
        82       464       465       716       715       714         1
       414       279        92       107       630       110         1
       279        96       418       112       639       110         1
       111        87       280       399       377         0         1
       280        87       292       141       421       398         1
        97       415       417       637       636       634         1
       282       281       101       128       126       402         1
       281       282        99       125       119       401         1
       473       101       285       128        37       126         1
        19       283       473       731       730         0         1
       284       100       286       129       410       127         1
       285       284       103        20        37       408         1
         8       102       285       408       116         0         1
       285       102       284       127       406       407         1
       286       118       298       432       152       129         1
       284       286       104       152        20       405         1
       287       113       290       139       418       134         1
       486       287       109       425         0       755         1
       289       288       110       136       415       135         1
       293       288       107       135         0       422         1
        20       289       110       413       140         3         1
       106        91       353         0       531       648         1
       264       292        88       141       369       104         1
       287       290       116       732       147       411         1
       474       117       299       158       434       733         1
       290        28       474       156       732       144         1
       280       292       112        25       133       399         1
       288       293       113       139       136       414         1
       294       114       295       148       426       146         1
       370       294       122       151       556        18         1
       287       295       109       148       412       147         1
       294       295       116       147       145       423         1
       255       296       120       150       354       352         1
       297       127       128       163       430       169         1
       296       297       129       153       150       169         1
       121       297       128       428       651       167         1
       298       121       104       643       152       167         1
       118        38       298       155       409         0         1
       370       125       124       160       557       162         1
       299       122       474       151       419       556         1
       254       300       127       163        17       350         1
        39       128       300       163       350       649         1
        22       302       431       658       177       440         1
       252       301       132       179       164        35         1
       138       430       431       659       658       655         1
        22       139       302       182       437         0         1
       303       136       307       448       193       184         1
       143       141       303       186       446       363         1
       472       304       144       187       728       219         1
       145       304       147       219       190       191         1
       142       143       305       446       194       188         1
       303       305       143       445       442       185         1
       475       309        29       195       452       734         1
       136       146       307       449       441         0         1
       304       307       146       448       187       191         1
       321       308       165       451       474       220         1
       308       309       165       378       450       195         1
       475        29       306         0       735       447         1
       310       163       436       666       217       203         1
       152       156       310       198       202         0         1
       311        17       316       206       465       199         1
       269       311       149       218        27       379         1
       166       312       148        31       221       196         1
       314       312       164       196       201       461         1
       152       314       154       464         0       205         1
       436       313       155       200       217       667         1
       312       314       155       205       200       458         1
       315       157       484       752       751       204         1
       156        33       315       204       198         0         1
       314       316       154       206       459       201         1
       311       316       164       201       218       455         1
       174       317        32       207       233       225         1
       318       317       170       225       468       211         1
       319       318       170       467       470       229         1
       318       167       434       213       212       229         1
       270       319       170       468       227       381         1
       319       158       437         0       669       381         1
        33       320       157       210       204         9         1
       161       162       320       210         9       214         1
       269       321       165       450       729        27         1
       166       321       149        27       192       222         1
       322       208       337       503       286       223         1
       324       322       207       736       283       480         1
       338       323       211       292       506       291         1
       210       323       212       291         0       288         1
       324       172       322       223       477       232         1
       173       175       324       232       283       236         1
        12       179       325       483        24         0         1
       180       325       179       482       355       237         1
       440       326       178       247       674       673         1
       326       185       327       486       252       673         1
       185       184       327       737       485       260         1
       183       327       476       737         0       250         1
       326       328       186       251       247       253         1
       329       328       187       253       492       105         1
       330       354       183       528         0       244         1
       329       190       191       496       257         7         1
       329       187       354       528         7       489         1
       441       330       188         0       675       244         1
       355       193       356       535       256       533         1
       442       331       195         0       678       677         1
       191       190       332       259       261       491         1
       194       333       198       264       499       269         1
       332       333       189       269       261       270         1
       198       334       194       266       497        39         1
       263       334       196        39       255       368         1
       335       203       263       367        16       273         1
       444       335       200       278       682       267         1
       208       171       337       505       476         0         1
       477       336       207       282       736       280         1
       337       171       338       507       281       503         1
       338       211       206       230       281       478         1
       171       212       338       291       505         0         1
       248         2       340         0       512       523         1
       242       339       249       511         0       342         1
       339       248       341       512       511       344         1
       341       249       339       509       510       332         1
       340       341       248       510       508       343         1
       228       229       342       313       315       300         1
       343       357        16       515         0       534         1
       357       226        16       306       514       310         1
       230       357       227       534       705       314         1
       237       238       344       323       318       326         1
       238       467       479       719       323       720         1
       277       345       247       303        90       307         1
       223       462       346       304       522       710         1
       374       348       246       740       562        22         1
       223       346       345        99       307       520         1
       248       349         2         0       508       335         1
       174       173       350       529        32       236         1
       347       478       244       333       527       739         1
       173       207       359       538       529       283         1
       347       244       349         0       335       525         1
       183       354       187       492       250       490         1
       359       350       173       524       526       539         1
       272        44       352         0       384       383         1
       106       353       289       137         3       416         1
        26       331       360       265       541         0         1
       198       193       355       494       254       264         1
       227       357       343       514         0       516         1
       441       356       193       494       676       675         1
       174       358       170       227       225        32         1
       169       358       350        32       231       380         1
        34       359       207       526       282        23         1
       350       359       351        23       231       529         1
       198       360       196       265        39       254         1
        26       360       355       254       256       532         1
       362       363        35       578         0       546         1
        61       361        59        64       598        65         1
       384       382        54        33        61       579         1
       399       362        58         0        63       546         1
       399       363       362       542       545       606         1
       365       364       234       572       553       320         1
       366       364       236       320       742       324         1
       234       466       367       321       553       717         1
       365       232       237       325       322       316         1
       369        51       393       594        49       626         1
       479       236       344       318       323       742         1
       234       367       365       316       547       549         1
       480        72       386       583       582        89         1
        50        84       369        13        51       387         1
       299       370       122       424       434       162         1
       256       370       124       433       149       356         1
        60       400       372        66        68       608         1
       373       371        63       561       563        67         1
        74       372         7        66        85        74         1
        63       371       372        68        74       559         1
       470       374       246       521       338       724         1
       401       373        63       559        70       609         1
       375       374       243       724       566       327         1
       177       425       377       138       243       650         1
       469       375       243       564       723       329         1
       378       376       181       569       571       235         1
       192       377         6       138       258       249         1
       181       376       377       243       249       567         1
       466       379       231        29       718       717         1
       440       378       181       567       240       674         1
       379       234       364       547         8       717         1
       161        33       380         0       663         9         1
       383       384        53        61         0       581         1
       393       381        49         0        49       595         1
       398       382        57       579       604       603         1
       385       383        35         0       578       581         1
        35       363       385        58       577       542         1
        57       382       384       544       580       576         1
        57       384       385       581        58       579         1
       383       385       384       580       574       577         1
       480       386        68       611       743       554         1
        73       386        72       554       618        84         1
       448       387       202       684       271       687         1
       390       388        42       586        40       590         1
        42       388       389        21       692       585         1
       204       451       389       692       588       277         1
       204       389       387       279       687       587         1
       271       390        45        40       234        43         1
       388       390        41        43         0       585         1
         9        44       392       593       691         0         1
       410       391        84       627       625       624         1
        44        45       392        44       591       383         1
       394       393        51       551       599        50         1
       381       393        52        50        54       575         1
        51       411       395       103       599       626         1
       394        15       397       601        56        53         1
        59       396        61        55       543        69         1
        51       395       394        53       594       596         1
       371       396        60       605        68        19         1
        15        53       397       602       597         0         1
        53        54       397        57       601        61         1
       382       398        56        59        62       576         1
       361       398        57       576        60         4         1
       396       399        60       608       600        69         1
       399        59       363        64       546        69         1
        66        62       401       609        70        72         1
       399       400        60       558       605        63         1
       373       401        62       607         0       563         1
       275       402        67        78       390        77         1
       386       402        68        77       582        36         1
       404       403        75        82       615        83         1
       408       403        21        83         0       622         1
       405        79       409        92       623        81         1
       407       404        75       612       620       619         1
       406       405        71        93        88       617         1
       406        75       405        82       616       620         1
        73        72       406        86        88       583         1
       404       407        70        11         0       615         1
       406       407        75       615       617        86         1
        10       409        81        96        94        98         1
       403       408        79       747        81       613         1
       405       409        77        98        93       614         1
       391       410        43       102         0       592         1
       274       410        84       592       387       386         1
       369       411        51       596       551        13         1
       391       411        84        13       592        41         1
       413        91       424       648       647         0         1
       280       412       105       109       113       133         1
       415       414        92       396         0       634         1
       412        90       413         0       109       114         1
       416       414        97       634       633       120         1
        99       416        97       632       119       106         1
       414       415        97       400       632       630         1
       416        86       420         0       642       106         1
        97       417       281       122       119       400         1
       415         8       417       116       400         0         1
       266       418        93       118         0       372         1
       279       418        94       373       115       397         1
       422        19       423       131       130         0         1
        89       483       112       108        25       749         1
       416       420        96       112       120       635         1
       104       121       421       124       646       431         1
       103       104       423       646       131        20         1
       421       119       422         0       130       154         1
       423       104       421       643       130       644         1
       413       424       105       142       109       628         1
        91       106       424       132       628       416         1
        39       427       128       651       436       166         1
       439       425       177       565       671       238         1
       128       427       121       124       430       649         1
       427       426       119         0       154       166         1
       429        11       430       657       655         0         1
       258       428       138       180       175       358         1
       429       430       138       439       180       653         1
       428       135       429         0       180       364         1
        11       132       430       659       653       170         1
       138       431       302       437       175       439         1
       132       431       430       439       657       179         1
       141       137       432         0       186       181         1
       167       437       435       224       213       669         1
       484       433       163       208       751       216         1
       380       434       161       665       573        30         1
       162       435       160       224       209       214         1
       161       434       435       213       214       663         1
       163       153       436       667       453       208         1
       313       436       153       666         0       460         1
       456       438       211       230       292       700         1
       319       437       167       661       229       471         1
       205       209       438       289       700         0         1
       325       439       177       650       241       237         1
       251       439       180       237       159       245         1
       326       440       185       240       485       484         1
       378       440       178       484         0       571         1
       356       441       188       493         0       535         1
       332       441       193       535       270       259         1
       331       442       196       255       265       495         1
       443       442       195       495         0       680         1
       200        40       445         0       274       689         1
       442       443       199       688       263       678         1
       446       444       202       683       684        10         1
       200       447       444       683       502       274         1
       447       202       444       681       682       271         1
       387       446       202       681       584        38         1
       201       447       445       274         0       275         1
       450       448       201       275         0       690         1
       448       204       387       588       584       690         1
       443       449       199       272       680       268         1
        40       200       449       272       268       679         1
       448       450       204       277       687       686         1
       392       451         9       276       591        42         1
       389       451        42        42       586       587         1
       454       453       210       288         0       697         1
       455       452       213       699       295       698         1
       455       453       215       697       696       295         1
       217       455       215       695       298       296         1
       453       454       215       701       695       693         1
       455       214       452         0       694       296         1
       452       456       213       228       694       285         1
       438       456       205       285       670       668         1
       454       457       215       297       697       293         1
         4       216       457       297       293         0         1
       459       458       230       312       705       311         1
       233       458       231       311        29       317         1
       230       227       459       708       703       516         1
       460       219       466       321       718         0         1
       467       461       240       302       328       331         1
       459       227       460         0       308       705         1
       461       241       469       334       723       331         1
       463       462       223       520       305       713         1
        83       462        82       713       394       100         1
       464       463        80       393         0       714         1
       462       463        82       714       711       710         1
       463       464        82       395       713       712         1
        82       465       278         2       394       395         1
       464        10       465        94       395         0         1
       379       466       234       549       572       570         1
       460       466       231       570       308       706         1
       479       467       235       328       741       518         1
       467       238       485       753       722       518         1
       239       241       485       722       754       334         1
       485       241       467       331       720       721         1
       461       469       243       566       336       709         1
       470       243       374       564       562       336         1
       245       220       470       337       726         0         1
       470       471       245       339       725       338         1
       250       471       246       338       346       345         1
       150       472       144       443         0       189         1
       165       472       269       189       474       378         1
        19       473       103        37       131       404         1
       473       283        98         0       121       404         1
       290       474       116       145       418       420         1
       474       291       117         0       419       156         1
       309       475       147       190       197       447         1
       475       306       142         0       194       452         1
       322       477       207       504       477       284         1
       327       184       476         0       487       486         1
       209       477       206       284       289       280         1
       250       478       347       525       301       346         1
       246       348       478       333       346       521         1
       235       366       479       742       719         0         1
       236       479       366       741       548       552         1
        64       480        68       582        80        76         1
       480       368        70         0        11        76         1
       381       481        36        34         0        54         1
        52        54       481        33        54        57         1
        79       408       482       748        92       622         1
        78       482       408       747         0        91         1
        14       483        89       641        12       143         1
       483       419        90         0       114       143         1
       315       484       163       662       203       462         1
        25       484       157       462       215       216         1
        31       485       238       720       326       330         1
       239       485       468       330         0       721         1
       287       486       110       140       134       412         1
        50         5         6         4
       446       197        10         4
       388        23        21         4
       221       348        22         2
        34       351        23         2
       380       159        30         4
       313       148        31         2
        23       446        38         4
       391        48        41         2
         5        46        46         4
        49        50        51         4
       395        15        53         2
        13        61        55         4
        55        56        59         4
        56        36        62         4
        58       400        63         2
        61        55        65         4
       400         7        66         2
       373        13        67         4
       276        64        75         2
        64       368        76         2
        37        67        78         4
       404        21        83         2
        73        37        84         4
         7        65        85         2
        71        73        88         4
        77        71        93         4
        78        76        95         2
        10        77        98         4
       346       222        99         2
        48       395       103         2
        95        92       107         4
       420        93       118         2
        98        86       123         2
       102       100       127         4
       100       118       129         4
       353       107       137         2
       425         6       138         2
       486        20       140         4
        87        88       141         4
        14       419       143         2
       293        28       144         2
       108       114       146         4
       114       109       148         4
       129       120       150         4
        38       129       153         4
        28       291       156         2
       117       115       157         2
       131       126       165         2
        39       426       166         2
        11       131       170         2
       130        22       171         4
       134       261       178         2
       432       136       184         4
       146       144       187         4
       142       134       188         2
       308        29       195         2
       150        17       199         4
        17       154       206         4
       168        32       207         4
       433       153       208         2
       160        25       209         2
        25       433       216         2
       151       308       220         2
       148       151       221         2
       172       208       223         4
       437       160       224         2
       159       168       226         4
       351       169       231         2
       175       172       232         4
        32       175       233         4
       378        12       235         4
       176       425       238         2
       179       123       242         4
       251       176       245         2
       123       256       246         4
       186       178       247         4
        85       186       251         4
       356        26       256         2
       191        85       257         4
         6       184       258         2
       189       191       261         4
        18       194       266         4
       443        40       268         2
       194       189       269         4
       197       203       273         4
       450         9       276         2
       209       336       280         2
       336        34       282         2
       452       205       285         2
         1       214       290         2
       454         4       293         4
       216         1       294         1
       228        30       300         4
       220       240       302         4
        76       346       304         2
       225        16       306         2
       218       228       315         4
       367       232       316         2
       233       218       317         4
        24       233       319         4
       219       367       321         2
       366        24       324         4
       232        31       325         2
       375       221       327         2
       240       235       328         4
       239       375       329         2
        31       468       330         2
         3       249       332         4
       348       244       333         2
       242       245       339         4
       222       225       340         2
        30       224       341         4
       340         3       343         3
       115       251       348         2
       120       130       349         4
       254        39       350         2
       126       254       353         2
       256       108       356         4
       139       137       359         4
       261       135       364         2
       203        18       367         4
        88        27       369         4
        27        95       371         4
       266        14       375         2
        20       111       376         4
       169       270       380         2
       270       158       381         2
        46        41       382         4
       352        43       384         2
        67        62       390         4
        65       276       391         2
       224        80       392         4
       111        87       398         4
        19       283       404         2
         8       102       407         4
       109       486       412         4
       107       293       414         2
        91       353       416         2
       118        38       432         4
        22       139       440         4
       136       146       448         4
        29       306       452         2
       152       156       454         4
       154       152       459         4
       156        33       463         4
       158       437       471         2
       212       210       479         4
        12       179       482         4
       476       183       487         2
       183       330       490         2
       330       188       493         2
       331       195       495         2
       208       171       503         4
       171       212       507         4
         2       340       508         3
       249       242       509         4
        16       343       514         2
       349         2       523         2
       244       349       527         2
        44       352       530         2
        26       331       532         2
       343       227       534         2
        35       362       542         2
       362        58       545         2
        33       380       573         4
        53       383       574         2
       381        49       575         4
       383        35       577         2
        41       388       590         4
         9        44       591         2
        15        53       601         2
        62       373       609         4
        21       408       613         2
        70       404       619         2
        43       391       624         2
       413        91       628         2
        92       415       630         4
        90       413       631         2
        86       420       635         2
       415         8       637         4
        93       266       638         2
       422        19       640         2
       119       422       645         2
       426       119       652         2
       429        11       653         2
       135       429       656         2
       137       432       660         4
       153       313       667         2
       205       209       670         2
       178       378       674         4
       188       356       675         2
       195       443       678         2
        40       445       679         2
       445       201       685         2
       201       450       686         2
       210       454       693         4
       214       452       698         2
         4       216       702         1
       460       219       706         2
       227       460       708         2
        80       464       712         4
       464        10       716         4
       245       220       725         4
       144       150       728         4
       283        98       731         2
       291       117       733         2
       306       142       735         2
       184       476       737         2
       235       366       741         4
       368        70       744         2
        36       381       745         4
       408        78       748         2
       419        90       750         2
       468       239       754         2
  -35.00000000000000       0.000000000000000    
   12.00000000000000       0.000000000000000    
   12.00000000000000       1.000000000000000    
  -35.00000000000000       1.000000000000000    
  -4.000000000000004       1.000000000000000    
  -11.50000000000000       0.000000000000000    
  0.2500000000000000       0.000000000000000    
  -19.50000000000000       1.000000000000000    
  -5.625000000000000       0.000000000000000    
   3.999999999999998       1.000000000000000    
  -23.25000000000000       0.000000000000000    
  -11.75000000000000       1.000000000000000    
 -0.2664535259100376E-14   1.000000000000000    
  -17.37500000000000       0.000000000000000    
  -2.687500000000000       0.000000000000000    
   6.125000000000000       0.000000000000000    
  -27.25000000000000       1.000000000000000    
  -7.875000000000002       1.000000000000000    
  -20.31250000000000       0.000000000000000    
  -15.62500000000000       1.000000000000000    
   3.187500000000000       0.000000000000000    
  -23.37500000000000       1.000000000000000    
  -5.937500000000004       1.000000000000000    
   7.999999999999998       1.000000000000000    
  -29.12500000000000       0.000000000000000    
  -8.562500000000000       0.000000000000000    
  -17.56250000000000       1.000000000000000    
  -14.43750000000000       0.000000000000000    
  -26.18750000000000       0.000000000000000    
   5.999999999999998       1.000000000000000    
   9.062500000000000       0.000000000000000    
  -31.12500000000000       1.000000000000000    
  -29.18750000000000       1.000000000000000    
  -32.06250000000000       0.000000000000000    
  -1.218750000000000       0.000000000000000    
  -2.000000000000003       1.000000000000000    
   1.999999999999998       1.000000000000000    
  -21.43750000000000       1.000000000000000    
  -21.78125000000000       0.000000000000000    
  -7.093750000000000       0.000000000000000    
  -4.968750000000004       1.000000000000000    
  -5.453125000000004      0.6025390625000007    
  -4.156250000000000       0.000000000000000    
  -4.890625000000000       0.000000000000000    
  -4.961675754536846      0.4975009176143090    
  -4.484375000000004       1.000000000000000    
  -4.242187500000004      0.5256347656249997    
  -3.421875000000000       0.000000000000000    
  -3.000000000000004       1.000000000000000    
  -3.500000000000004       1.000000000000000    
  -3.113353234205889      0.4588316378681092    
  -2.500000000000004      0.6128142225162073    
  -1.953125000000000       0.000000000000000    
  -2.011460305011395      0.4983641653900908    
  -1.000000000000003       1.000000000000000    
  -1.500000000000003       1.000000000000000    
  -1.250000000000003      0.5307617187500000    
 -0.4843750000000000       0.000000000000000    
 -0.6835968395729000      0.5302108092827241    
 -0.1184053552386415      0.4400430236312167    
 -0.5000000000000028       1.000000000000000    
  0.9999999999999976       1.000000000000000    
  0.4999999999999975      0.6017756563513369    
   1.718750000000000       0.000000000000000    
  0.9843750000000000       0.000000000000000    
  0.9896096355119469      0.5000402791326257    
   1.499999999999998       1.000000000000000    
   1.749999999999998      0.5307617187500000    
   1.379060964052658      0.2863009130094325    
   2.453125000000000       0.000000000000000    
   2.999999999999998       1.000000000000000    
   2.305754814510940      0.5358840175127705    
   2.499999999999998       1.000000000000000    
  0.6171875000000000      0.2002741287663151    
   2.861156633005147      0.4563887436884648    
   4.656250000000000       0.000000000000000    
   3.499999999999998       1.000000000000000    
   3.921875000000000       0.000000000000000    
   3.385987454477021      0.4868007954759306    
   4.999999999999998       1.000000000000000    
   3.891924351292569      0.5053916522427681    
   4.499999999999998      0.6316343892350206    
   4.289062500000000      0.2443106136036085    
  -3.691597800146864      0.4819796640510256    
  -9.812500000000000       1.000000000000000    
  -18.84375000000000       0.000000000000000    
  -16.59375000000000       1.000000000000000    
  -17.07812500000000       1.000000000000000    
  -17.32031250000000      0.5278320312500000    
  -16.64062500000000       0.000000000000000    
  -15.90625000000000       0.000000000000000    
  -18.53125000000000       1.000000000000000    
  -18.10937500000000       0.000000000000000    
  -17.89401483575752      0.5317610429923939    
  -18.04687500000000       1.000000000000000    
  -18.44739569997544      0.4463867750103623    
  -19.01562500000000      0.6434758222473642    
  -19.57812500000000       0.000000000000000    
  -19.21093750000000      0.2466148962741556    
  -20.46875000000000       1.000000000000000    
  -19.65353664586187      0.5089432926454587    
  -19.98437500000000       1.000000000000000    
  -20.18086824133914      0.5106413370019067    
  -20.71093750000000      0.5281676101909536    
  -16.27343750000000      0.4838867187500000    
  -15.75405867227056      0.4967469703260960    
  -15.17187500000000       0.000000000000000    
  -13.68750000000000       1.000000000000000    
  -14.65625000000000       1.000000000000000    
  -15.15360983866459      0.6109375340426091    
  -16.10937500000000       1.000000000000000    
  -16.79641715336867      0.5167662991953943    
  -14.80468750000000      0.2947640214391043    
  -14.17187500000000       1.000000000000000    
  -12.96875000000000       0.000000000000000    
  -14.33216619297452      0.5072990278213561    
  -13.70312500000000       0.000000000000000    
  -20.95312500000000       1.000000000000000    
  -21.04687500000000       0.000000000000000    
  -22.40625000000000       1.000000000000000    
  -21.24691499449999      0.4981533224609400    
  -13.81743396476739      0.5019081478869905    
  -12.71875000000000       1.000000000000000    
  -13.20312500000000      0.6076508227831130    
  -13.33593750000000      0.2073987337617400    
  -22.51562500000000       0.000000000000000    
  -22.14843750000000      0.4658203125000000    
  -21.69633413680188      0.4445655326912825    
  -21.92187500000000       1.000000000000000    
  -22.89062500000000       1.000000000000000    
  -22.88281250000000       0.000000000000000    
  -23.06640625000000      0.4985961914062500    
  -22.69921875000000      0.3507027964008848    
  -24.71875000000000       0.000000000000000    
  -23.98437500000000       0.000000000000000    
  -25.31250000000000       1.000000000000000    
  -24.34375000000000       1.000000000000000    
  -23.65259142363123      0.4834883284627765    
  -23.85937500000000       1.000000000000000    
  -24.18425122263324      0.4927446778036804    
  -24.76671792198407      0.5883004707440260    
  -25.45312500000000       0.000000000000000    
  -25.08593750000000      0.2661666429690176    
  -26.28125000000000       1.000000000000000    
  -25.55283279639206      0.5239091041801328    
  -25.79687500000000       1.000000000000000    
  -26.07871600980958      0.5145930303303513    
  -27.65625000000000       0.000000000000000    
  -27.00781250000000      0.5256347656250000    
  -26.76562500000000       1.000000000000000    
  -26.92187500000000       0.000000000000000    
  -28.21875000000000       1.000000000000000    
  -28.39062500000000       0.000000000000000    
  -27.73437500000000       1.000000000000000    
  -27.97656250000000      0.4780273437500000    
  -28.70312500000000       1.000000000000000    
  -29.10731787919994      0.5030582575500038    
  -30.59375000000000       0.000000000000000    
  -30.15625000000000       1.000000000000000    
  -29.85937500000000       0.000000000000000    
  -29.67187500000000      0.6669059276665571    
  -29.49218750000000      0.2565762573547690    
  -28.58234633263267      0.4889152085522890    
  -27.49563866802936      0.5720578995107022    
  -26.54535198133944      0.3444441095656188    
  -27.28906250000000      0.2054838274544662    
  -30.22656250000000      0.4350585937500000    
  -30.64062500000000       1.000000000000000    
  -31.32812500000000       0.000000000000000    
  -30.88281250000000      0.4875488281250000    
  -33.06250000000000       1.000000000000000    
  -32.09375000000000       1.000000000000000    
  -31.69531250000000      0.5119628906250000    
  -31.28573239706057      0.6105816851991905    
  -31.60937500000000       1.000000000000000    
  -12.23437500000000       0.000000000000000    
  -11.86718750000000      0.4394531249999998    
  -10.78125000000000       1.000000000000000    
  -12.23437500000000       1.000000000000000    
  -12.47656250000000      0.5000000000000000    
  -11.26562500000000      0.6062139318379810    
  -12.86421381246748      0.3893457255539262    
  -10.03125000000000       0.000000000000000    
  -10.76562500000000       0.000000000000000    
  -10.77697338375376      0.4999447518163476    
  -10.29687500000000       1.000000000000000    
  -10.05468750000000      0.5290527343749999    
  -9.296875000000000       0.000000000000000    
  -8.843750000000004       1.000000000000000    
  -9.487037437571276      0.5348820634398100    
  -9.328125000000000       1.000000000000000    
  -11.13281250000000      0.2064517309883956    
  -8.926584015291763      0.4371521519491909    
  -8.359375000000004       1.000000000000000    
  -7.828125000000000       0.000000000000000    
  -8.117187500000004      0.4875488281249993    
  -6.906250000000004       1.000000000000000    
  -8.530800634732659      0.6055279968853691    
  -7.513786764705887      0.5158332375919126    
  -7.005262129318160      0.5009866492471545    
  -6.359375000000000       0.000000000000000    
  -6.421875000000004      0.6445628902278036    
  -7.390625000000004       1.000000000000000    
  -5.992187500000000      0.3609159121729664    
  -33.53125000000000       0.000000000000000    
  -32.82031250000000      0.5290527343750000    
  -32.13488769531250      0.4395751953125000    
  -32.57812500000000       1.000000000000000    
  -32.79687500000000       0.000000000000000    
  -34.03125000000000       1.000000000000000    
  -33.38001222364822      0.5389705735851005    
  -33.54687500000000       1.000000000000000    
  -33.93227336543421      0.4493365309611421    
  -34.26562500000000       0.000000000000000    
  -34.51562500000000      0.6287113018653521    
  -35.00000000000000      0.5000000000000000    
  -34.63281250000000      0.2180525069930638    
   6.999999999999998       1.000000000000000    
   7.593750000000000       0.000000000000000    
   10.00000000000000       1.000000000000000    
   10.53125000000000       0.000000000000000    
   5.390625000000000       0.000000000000000    
   5.023437500000000      0.4259759815848730    
   5.499999999999998       1.000000000000000    
   5.757812500000000       0.000000000000000    
   5.941406250000000      0.3496658808216145    
   6.859375000000000       0.000000000000000    
   6.499999999999998       1.000000000000000    
   6.224201723599792      0.6519932445165312    
   6.744196237942269      0.5231828276980033    
   7.326697486142191      0.5177071011469265    
   8.328125000000000       0.000000000000000    
   7.499999999999998       1.000000000000000    
   7.870066842599731      0.4702658139438594    
   9.000000000000000       1.000000000000000    
   8.476157265906675      0.6024060950631288    
   8.695312500000000      0.2291605796373320    
   9.123025287462502      0.5057359554664064    
   9.796875000000000       0.000000000000000    
   9.500000000000000       1.000000000000000    
   9.644563974678620      0.4988500471702155    
   11.00000000000000       1.000000000000000    
   10.21321674817001      0.4721581162153197    
   11.26562500000000       0.000000000000000    
   10.50000000000000       1.000000000000000    
   10.76469944802344      0.5004338524890124    
   5.493459202011630      0.5205939347619721    
   11.63281250000000      0.5000000000000000    
   11.50000000000000       1.000000000000000    
   11.19880642318239      0.6011627191839659    
  -12.60156250000000       0.000000000000000    
  -22.78007340453581      0.6797285771472060    
  -22.39805608384118      0.2849548890053087    
  -22.14843750000000       0.000000000000000    
  -22.44897014620939      0.6179094382484728    
  -13.20312500000000       1.000000000000000    
  -12.73812184832347      0.6819619758120690    
  -24.10156250000000      0.7974485504644655    
   5.749999999999998      0.7568414614198092    
  -24.78828172589643      0.2904364330853694    
  -24.35156250000000       0.000000000000000    
  -24.49542932307748      0.4189480177532715    
  -7.632812500000002      0.8038591152125598    
  -17.32031250000000      0.8260282183137279    
  -17.60817131515085      0.6808591365242580    
  -17.74218750000000       0.000000000000000    
  -17.60851170601471      0.3329601115790993    
  -15.86718750000000      0.7939337210572337    
  -26.68792498026681      0.6613230855529416    
  -30.96093750000000       0.000000000000000    
  -4.726562500000004      0.7521102089198446    
  -4.597452786598682      0.3970270488138778    
  -4.242187500000004      0.8246418810111616    
  -3.953308166118369      0.6751383233180808    
   1.331570006597112      0.6614447713732995    
   1.351562500000000       0.000000000000000    
   5.249999999999998      0.7636632336736922    
   4.201205316634914      0.5432582897825998    
  -18.28906250000000      0.7535262818669594    
  -16.35156250000000      0.7928539554014900    
  -19.32934424962322      0.5513793464388258    
  -19.49468180506248      0.2724226576908540    
  -19.94531250000000       0.000000000000000    
  -20.22656250000000      0.8131175607998694    
  -19.74218750000000      0.8061925682204069    
  -20.71093750000000      0.8262401835289158    
  -14.79127780596979      0.6601810517780283    
  -15.11401783024187      0.3040120510214717    
  -15.42828367568199      0.4194895059425882    
  -14.51421976961410      0.2805149130369921    
  -14.07031250000000       0.000000000000000    
  -16.83593750000000      0.8174569758471153    
  -14.80468750000000       0.000000000000000    
  -13.92968750000000      0.7971844316462569    
  -14.41406250000000      0.8063668647838995    
  -22.16406250000000      0.7875833738002742    
  -21.67968750000000      0.7748341275550897    
  -21.19531250000000      0.8048625916985165    
  -13.62066513054731      0.2827510712472340    
  -21.93160421104496      0.2591115538330078    
  -23.13281250000000      0.8033912180403131    
  -23.61718750000000      0.7973105245973880    
  -25.14953580415992      0.6484223522181805    
  -26.03906250000000      0.8160949954948662    
  -25.37992350963881      0.2853738466381320    
  -25.82031250000000       0.000000000000000    
  -25.55468750000000      0.8235513456285927    
  -26.55468750000000       0.000000000000000    
  -26.25893591910229      0.2838962974726694    
  -28.46093750000000      0.7874198301629953    
  -27.00781250000000      0.8246418810111618    
  -27.69595647531861      0.3197236332549728    
  -28.02343750000000       0.000000000000000    
  -27.77020097015408      0.6994506982514481    
  -28.94531250000000      0.7841376213789362    
  -27.49218750000000      0.8545462497924734    
  -30.88281250000000      0.8010040472211470    
  -30.55118825358729      0.6442764376730735    
  -30.60273608936600      0.3241376940778483    
  -29.40255375021914      0.5403360993435046    
  -26.83579177734188      0.2839164512638040    
  -32.33593750000000      0.7360554011500081    
  -33.68765898139046      0.6883338527994535    
  -31.85156250000000      0.7910614853325100    
  -11.99218750000000      0.7581085311411142    
  -10.53906250000000      0.7520253456102337    
  -10.41092526877140      0.3927817094841314    
  -10.05468750000000      0.8267995657359706    
  -9.772361352775347      0.6779261500554853    
  -9.664062500000000       0.000000000000000    
  -8.195312500000000       0.000000000000000    
  -9.171785160899519      0.6868788272057136    
  -8.807754549629376      0.7071833261340853    
  -8.117187500000004      0.8010040472211463    
  -7.148437500000004      0.7887243642629000    
  -32.42968750000000       0.000000000000000    
  -32.82031250000000      0.8267995657359708    
  -33.30468750000000      0.8269447114279422    
   11.45542041135472      0.7205193866098472    
   12.00000000000000      0.5000000000000000    
   11.75000000000000      0.8168271028437526    
   6.513528631185844      0.7059888432777907    
   6.492187500000000       0.000000000000000    
   8.797507587528209      0.5401280239641775    
   5.295496719837421      0.2892444374237024    
   5.023437500000000       0.000000000000000    
   11.36086996529304      0.3148811387691711    
   10.89843750000000       0.000000000000000    
   11.63281250000000       0.000000000000000    
  -31.43096065960108      0.3139023647020927    
  -31.69531250000000       0.000000000000000    
  -4.523437500000000       0.000000000000000    
  -15.53906250000000       0.000000000000000    
  -9.767745160021299      0.3310501299726861    
  -8.637733266435006      0.3075321870103571    
  -8.929687500000000       0.000000000000000    
   6.428149855904458      0.3613234358973695    
  -31.11707519220587      0.2750533632392043    
  -31.87890625000000      0.2559814453125000    
  -8.334142418476057      0.2722799593365791    
 -0.9666520072577677      0.6810164761450056    
 -0.8515625000000000       0.000000000000000    
 -0.9669843283361405      0.3393492508605538    
   8.140772311252778      0.6846692890381321    
   8.199272580093981      0.3327090742823310    
   8.500000000000000       1.000000000000000    
   7.960937500000000       0.000000000000000    
   2.085937500000000       0.000000000000000    
  -3.394622291304083      0.6665815646153125    
  -13.53424887052232      0.6940289418861885    
  0.1503096246180016      0.6757192178534068    
  0.2079173546207446      0.3390048342459340    
  0.4999999999999975       1.000000000000000    
   10.49746241175600      0.3204300344146823    
   10.16406250000000       0.000000000000000    
  -11.60944613449865      0.6780929146599974    
  -11.53745505073948      0.3418335645487927    
  -11.26562500000000       1.000000000000000    
   7.615175662993211      0.6863309970176067    
  -29.67187500000000       1.000000000000000    
  -2.500000000000004       1.000000000000000    
  -1.750000000000003      0.7433397059226523    
  -1.585937500000000       0.000000000000000    
  -1.650807548640543      0.3754575015634436    
  -1.374466931512187      0.2571325763788815    
   2.026482426522508      0.6846743012277311    
  -6.083038418851167      0.6905720726415915    
  -5.453125000000004       1.000000000000000    
  -5.756959111997056      0.7261424561872535    
  -5.165528168336049      0.7459303948732893    
  -3.789062500000000       0.000000000000000    
  -5.276569608704000      0.2263931149321802    
  -2.844099826813332      0.6848894415946465    
  -2.782843459998761      0.3385477174526774    
  -3.054687500000000       0.000000000000000    
 -0.2500000000000027      0.7603664413163832    
  -2.332809760404668      0.2265684046379578    
  -1.250000000000003      0.8319781538599117    
 -0.4266722369688827      0.3242145754319408    
 -0.1171875000000000       0.000000000000000    
  0.7870751376997103      0.7543372615277104    
   1.749999999999998      0.8319781538599117    
   3.133166518656060      0.3060197473374556    
   2.820312500000000       0.000000000000000    
   3.111378879735500      0.6820162276973440    
   2.609954746575096      0.6812744995463824    
   2.557815148471663      0.3169958926671134    
   3.554687500000000       0.000000000000000    
   3.631406696193388      0.7015424953664902    
  -3.983199976424508      0.2981348971174589    
  -3.408334861832107      0.3240374820116632    
  -16.54688510794059      0.3101271143410203    
  -16.27343750000000       0.000000000000000    
  -18.67968123288813      0.6943603173554929    
  -19.01562500000000       1.000000000000000    
  -18.80030132062101      0.3562974840118992    
  -19.25781250000000      0.8353592331550771    
  -18.14524047645796      0.3240156471871088    
  -17.00781250000000       0.000000000000000    
  -18.47656250000000       0.000000000000000    
  -20.96815709104185      0.3208512096730778    
  -20.67968750000000       0.000000000000000    
  -20.45287714874972      0.3084725560256696    
  -16.00911498497163      0.3032027249666570    
  -11.86718750000000       0.000000000000000    
  -21.41406250000000       0.000000000000000    
  -21.44989738602600      0.2891423502596265    
  -23.92148018608508      0.3124236459614542    
  -23.61718750000000       0.000000000000000    
  -23.35513727016453      0.3218134474787282    
  -23.37276176625692      0.6220579710959244    
  -24.82812500000000       1.000000000000000    
  -28.75781250000000       0.000000000000000    
  -30.00936155801804      0.6948720491261644    
  -29.87347748355204      0.3605791648535243    
  -28.28231124503026      0.3245217778869071    
  -30.22656250000000       0.000000000000000    
  -33.10517043708275      0.2513877599147986    
  -12.18552807025043      0.3323150167536960    
  -10.97885150902058      0.7482641435676068    
  -9.235207678214962      0.3231686146733654    
  -7.807974086088294      0.3414127125459557    
  -7.460937500000000       0.000000000000000    
  -6.747118387757792      0.7090963146741946    
  -6.726562500000000       0.000000000000000    
  -6.421875000000004       1.000000000000000    
  -6.647931028871903      0.3571255391647470    
  -6.319874494509540      0.3270550897506539    
  -7.265938352629753      0.2887211543234374    
  -5.992187500000000       0.000000000000000    
  -5.656826952942224      0.3348619846014277    
  -33.89843750000000       0.000000000000000    
  -34.17769430323462      0.6894512001206172    
  -34.51562500000000       1.000000000000000    
  -34.29176419922514      0.3536665399216072    
  -33.62750603460049      0.3177142299024278    
  -34.80714313401786      0.7500000000000000    
   7.036882697988632      0.6731874768886995    
   7.033554490401801      0.3191367302865580    
   7.226562500000000       0.000000000000000    
   9.750000000000000      0.8006903627059534    
   4.688791916199495      0.3431933254154448    
   4.831188005579724      0.7056168892590324    
   4.499999999999998       1.000000000000000    
   4.249999999999998      0.8374421388991009    
   7.583400399824463      0.3223926362103279    
   9.250000000000000      0.7997836120878965    
   9.429687500000000       0.000000000000000    
   9.920674747434511      0.3104762169372283    
   10.25000000000000      0.7940007523339514    
   10.75000000000000      0.8125549434801879    
  -26.36069545941380      0.6818950133826135    
  -19.91780605487689      0.3223394392734529    
  -14.07675540901990      0.3179046710353162    
  -25.81235398294497      0.3261717108865471    
  -10.39843750000000       0.000000000000000    
  -32.49362956151356      0.3615234606707998    
   11.03031386136462      0.3033304812362455    
   8.750000000000000      0.8355637948200811    
   2.029695210377262      0.3360964111133232    
  -2.209287741365745      0.7538325320743918    
   3.646004360602018      0.3042774782516285    
  -17.06255300844950      0.3240141419823713    
  -28.84987011336223      0.3089824625483101    
   9.381341962555425      0.3165278905239336    
  -15.14062500000000       1.000000000000000    
