         250           3         346           2         152
       140       139       137         0       181       175         1
        81        82        10        94        98       101         1
       110        20       106        26       135       140         1
        57        59        55        65        59        60         1
        14        89        94       111        12       143         1
         5        84        50        13         0        52         1
       188       190       183       244         0       262         1
        24       234       236       320       324       319         1
        33       161       157       210       204        30         1
       197       202        23        38         0       267         1
        70        72        64        76         0        89         1
        14        94        93       112         0         5         1
        51        50        84         6       103        51         1
        30       224       247        90       341         0         1
       134       141       143       186       188       178         1
       199       203        18         0       255       278         1
       127       126        39         0       163       173         1
       108       122       124       162       149       146         1
        13        60        63        68        67        55         1
       104       103       100       127       129       131         1
        42        41        23         0       279        40         1
       246       243       221       327       333       338         1
        34       173       207       283       282       231         1
        12       177       181       243       235       241         1
        89        88        27         0       111       104         1
       106        20       111         0       142         3         1
       149       165       150       189       199       220         1
        30       226       229       310       300       341         1
       233       231       234       321       319       317         1
        33       159       161       212         9         0         1
       153       148       155       200       217         0         1
       174       169       170       227       225       234         1
        52        54        36        34        54        56         1
        54        56        36         0        33        62         1
       130       133       120       174         0       164         1
        68        72        37        84        78        76         1
       103       101       102       128       127       126         1
        23       202       204       271       279        10         1
       198       196       194       266       269       254         1
        42        45        41        43        21        42         1
        84        43        48         0       103       102         1
         9        45        42        40       277        44         1
        45        46        41         0        40        48         1
         9        44        45        47        42         0         1
        47        44        43         0       102        47         1
         5        46        47        48        52         0         1
        45        44        47        45        48        44         1
        45        47        46        46        43        47         1
        49        51        52        50        54        51         1
        51        15        52        56        49        53         1
        51        49        50         0        13        49         1
        47        84         5         6        46       102         1
        48        15        51        50       103         0         1
        49        52        36        33         0        49         1
        61        60        13        19         0        69         1
        15        54        52        33        50        57         1
        15        53        54        61        56         0         1
        57        53        35         0        60        61         1
        55        56        57        62         4         0         1
        35        59        57         4        58        64         1
        54        53        57        58        62        57         1
        54        57        56        59        34        61         1
        60        59        58        64        66        69         1
        35        58        59        63        60         0         1
        61        55        59         4        69         0         1
        58         7        60        68        63         0         1
        13        63        62        70         0        19         1
        60         7        63        74        19        66         1
        60        61        59        65        63        55         1
        63        66        62        72        67        73         1
        69        67        66        72        79        77         1
        67        62        66        70        71         0         1
        74        66        63        70        74        87         1
        63         7        74        85        73        68         1
        69        65        64         0        80        79         1
        68        64        72        11        36        80         1
        67        69        68        80        78        71         1
        37        67        68        77        36         0         1
        65        69        66        71        87        75         1
        64        68        69        77        75        76         1
        79        75        21        83        91        82         1
        79        71        75        88        81        93         1
        75        70        21         0        81        89         1
        73        37        72        36        86         0         1
         7        65        74        87        74         0         1
        75        73        72        84        89        88         1
        66        74        65        85        79        73         1
        73        75        71        82         0        86         1
        70        75        72        86        11        83         1
       224        80       247       307        14         0         1
        21        78        79        96        81         0         1
        81        77        79        93        96        98         1
        77        71        79        82        92         0         1
        82        80        10         0         2       305         1
        83        78        76         0       100        97         1
        78        81        79        92        91        97         1
        83        81        78        96        95       101         1
        77        81        10         2         0        92         1
       223        76       222         0       340       304         1
        76        82        83       101        95       304         1
        81        83        82       100         2        97         1
        43        84        47        52        45        41         1
        51        84        48        41        53        13         1
        88        89       112       143       141        25         1
       187       190        85       257       251       244         1
        99        86        97       120       119       123         1
        92        96        95       115         0       110         1
        90       105       112       133       114       109         1
        90        91       105       132       108         0         1
        96        92        97       116       120       107         1
        94        89        27        25       117         5         1
        96        93        94        12       115       118         1
       105       111        87         0       133       142         1
        14        90       112       108       143         0         1
        94        95        96       107       112       117         1
        97        92         8         0       122       110         1
        94        27        95         0       115       111         1
        86        93        96       112       120         0         1
        99        97       101       122       125       106         1
        86        96        97       110       106       118         1
       103        19        98         0       126       131         1
       101        97         8       116       128       119         1
        98        86        99       106       125         0         1
       119       104       121       152       154       130         1
        99       101        98       126       123       119         1
        98       101       103        37       121       125         1
       102       100       103        20        37         0         1
       101         8       102         0        37       122         1
       100       118       104       152        20         0         1
        19       104       119       124         0       131         1
       103       104        19       130       121        20         1
       105        91       106       137       142       109         1
       112       105        87       113       141       108         1
       113       109       110       140       136       147         1
       106       107       110       136         3       137         1
       113       110       107       135       144       134         1
       106        91       107         0       135       132         1
       177       176         6         0       243       238         1
       113        28       116       156       147       144         1
       109        20       110         3       134         0         1
        88       112        87       133         0       104         1
       106       111       105       113       132        26         1
       112        89        14         5       114       104         1
       107        28       113       139       136         0         1
       114       116       122       156       146       148         1
       108       114       122       145        18         0         1
       113       116       109       148       134       139         1
       109       116       114       145         0       147         1
       108       124       123       239         0        18         1
       129       120       127       174       169         0         1
        28       117       122       158       156         0         1
       118       121       104       124       129       155         1
        38       129       128       169       167         0         1
        39       119       121       124       166         0         1
       121       118        38         0       167       152         1
        28       122       116       145       139       151         1
       125       117       115         0       161       158         1
       125       122       117       151       157       162         1
       180       182       176       245       238       246         1
       124       125       182       161       239       162         1
       182       125       115       157       245       160         1
       122       125       124       160        18       158         1
       127        39       128       166       169        17         1
       133       130       132       171       172        35         1
       133       131       126         0       173       172         1
        39       121       128       167       163       154         1
        38       128       121       166       155       153         1
       135       138       140       175       183       180         1
       128       129       127       150       163       153         1
       131       132        11       179         0       172         1
        22       132       130       164         0       177         1
       133       132       131       170       165       164         1
       126       127       133       174       165        17         1
       120       133       127       173       150        35         1
       140       138       139       182         1       168         1
       147       142       145       190       191       194         1
       138       132        22       171       182       179         1
       140       141       134        15       183       181         1
       138        11       132       170       177       180         1
        11       138       135       168         0       179         1
       141       140       137         1       184       178         1
       138        22       139         0       175       177         1
       134       135       140       168       178         0         1
       137       136       141       186       181         0         1
       145       143       136       186       193       190         1
       136       143       141        15       184       185         1
       144       147       146       191         0       219         1
       142       134       143        15       190         0         1
       165       144       150         0        27       219         1
       145       142       143       188       185       176         1
       145       146       147       187       176       193         1
       164       166       149       222       218       196         1
       145       136       146         0       191       185         1
       142       147        29       197         0       176         1
       151        29       165       197       220         0         1
       166       164       148       200       221       192         1
       147       165        29       195       194       219         1
       163       152       156         0       203       202         1
        17       149       150        27         0       218         1
       148       164       155       201        31       196         1
       164       154       155       205       200       206         1
       155       152       163       198       217       205         1
       156       157       163       216       198       204         1
       157       156        33         0         9       203         1
       155       154       152         0       202       201         1
       154       164        17       218         0       201         1
        32       170       168       211         0       225         1
        25       153       163       217       216         0         1
       160        25       162       215       214         0         1
       157       161       162       214       215         9         1
       168       170       167       229       226       207         1
       167       161       159        30       226       213         1
       167       160       161       214       212       224         1
       162       161       160       213       209       210         1
       157       162        25       209       216       210         1
        25       163       157       203       215       208         1
       155       163       153       208        31       202         1
        17       164       149       192       199       206         1
       165       147       144       187       189       197         1
       151       165       149        27       222       195         1
       148       151       166       222       196         0         1
       149       166       151       221       220       192         1
       208       207       172       283         0       284         1
       158       160       167       213       229         0         1
       174       170        32       207       233        32         1
       167       159       168         0       211       212         1
       169       158       170       229        32         0         1
       213       211       212       291       288       292         1
       170       158       167       224       211       227         1
       209       206       211       281       289       280         1
       173        34       169         0       234        23         1
       175       172       173       283       236         0         1
       175       174        32       225         0       236         1
       169       174       173       236       231        32         1
        12       181       178       240         0        24         1
       174       175       173       232       234       233         1
       179       180       177       238       241       242         1
       177       180       176       159       138       237         1
       182       123       124       149       160       246         1
       181       185       178       247       235       248         1
       177        12       179         0       237        24         1
       179       123       180       246       237         0         1
       177         6       181       249        24       138         1
       190       187       183       250         7       105         1
       176       182       115       161         0       159         1
       123       182       180       159       242       239         1
       186       178       185       240       253         0         1
       192       185       181       240       249       260         1
       181         6       192       258       248       243         1
       187       184       183         0       244       252         1
        85       186       187       253       105         0         1
       185       184       187       250       253       260         1
       185       187       186       251       247       252         1
       198        26       196       265        39       270         1
        18       196       199       263        16       266         1
       193       188        26         0       270       262         1
       191        85       190       105       259         0         1
         6       184       192       260       249         0         1
       193       191       190       257       262       261         1
       185       192       184       258       252       248         1
       191       193       189       264         0       259         1
       188       193       190       259         7       256         1
       199       196       195       265       268       255         1
       193       198       189       269       261       270         1
        26       195       196       263       254         0         1
        18       194       196        39       255         0         1
       197       200       202       274        10       273         1
       195        40       199       272       263         0         1
       189       198       194        39         0       264         1
        26       198       193       264       256       254         1
       202       201       204       276        38       274         1
       200       199        40       268       275       278         1
       203       200       197       267         0       278         1
       200       201       202       271       267       275         1
       200        40       201         0       274       272         1
       201         9       204       277       271         0         1
         9        42       204       279       276        42         1
       200       203       199        16       272       273         1
        23       204        42       277        21        38         1
       207       206       209       230       282       284         1
       206       171       211       291       230       286         1
       209        34       207        23       280         0         1
       172       207       173        23       232       223         1
       207       208       206       286       280       223         1
       205       213       214       295         0       292         1
       206       208       171         0       281       284         1
       213       210       215       293       295       288         1
       210       213       212       228         0       287         1
       205       209       211       230       292         0         1
         1       214       217       296       294         0         1
       211       171       212         0       228       281         1
       211       213       205       285       289       228         1
       215       210         4         0       297       287         1
       217       216         1         0       290       298         1
       214       213       215       287       296       285         1
       214       215       217       298       290       295         1
       215         4       216         0       298       293         1
       216       217       215       296       297       294         1
       230       231       218       317       315       311         1
       229       228        30         0        28       312         1
       250       248       249       332       342       344         1
       240       241       220       336         0       331         1
       225       247       222       340         0       309         1
        76       223        82       305       100        99         1
        80        82       223       304       307        94         1
       226       225        16         0       310       309         1
       223       247        80        90       305       340         1
       231       227       219         0       321       311         1
       225       226       247       341       303       306         1
        16       229       226        28       306       313         1
       227       231       230       299       314       308         1
       230       228       229       300       313       315         1
        16       230       229       312       310       314         1
        16       227       230       311       313         0         1
       218       228       230       312       299         0         1
       219       232       234       320       321         0         1
       233       218       231       299        29         0         1
       237       238       236       323       322       326         1
       234        24       233         0        29         8         1
       236       234       232       316       322         8         1
       219       234       231        29       308       316         1
       237       236       232       320       325       318         1
       235       236       238       318       328       324         1
       235        24       236         8       323         0         1
       232        31       237       326       322         0         1
       237        31       238       329       318       325         1
       243       239       221         0        22       334         1
       240       235       238       323       331         0         1
        31       241       238       331       326       330         1
        31       239       241       334       329         0         1
       241       240       238       328       329       302         1
       248         3       249         0       301       343         1
       244       246       221        22         0       346         1
       239       243       241       336       330       327         1
       248       244         2         0       343       344         1
       220       241       243       334       337       302         1
       243       245       220         0       336       338         1
       246       245       243       337        22       339         1
       245       246       242       345         0       338         1
       222       247       223       307        99       303         1
        30       247       226       309        28        14         1
       250       249       242         0       345       301         1
         2         3       248       332       335         0         1
       250       244       248       335       301       346         1
       242       246       250       346       342       339         1
       244       250       246       345       333       344         1
       139       137         1         4
        50         5         6         4
       183       188         7         2
        23       197        10         4
        64        70        11         2
        93        14        12         2
        30       224        14         4
       203        18        16         4
       126        39        17         2
        41        23        21         4
        88        27        25         4
        20       111        26         4
        33       159        30         4
       153       148        31         2
        56        36        34         4
       120       130        35         4
        43        48        41         2
        46        41        43         4
         9        44        44         2
        44        43        45         2
         5        46        46         4
        49        50        51         4
        48        15        53         2
        36        49        54         4
        13        61        55         4
        15        53        57         2
        53        35        58         2
        55        56        59         4
        35        58        64         2
        61        55        65         4
        58         7        66         2
        62        13        67         4
        67        62        72         4
        65        64        75         2
        37        67        78         4
        70        21        83         2
        73        37        84         4
         7        65        85         2
        71        73        88         4
       224        80        90         4
        21        78        91         2
        77        71        93         4
        80        10        94         4
        78        76        95         2
        10        77        98         4
        76       222        99         2
        95        92       107         4
        90        91       109         2
       111        87       113         4
        14        90       114         2
        92         8       116         4
        27        95       117         4
        86        93       118         2
        19        98       121         2
        98        86       123         2
       102       100       127         4
         8       102       128         4
       100       118       129         4
       119        19       130         2
        91       107       137         2
       176         6       138         2
       109        20       140         4
        87        88       141         4
       107        28       144         2
       108       114       146         4
       114       109       148         4
       123       108       149         4
       129       120       150         4
        28       117       151         2
        38       129       153         4
        39       119       154         2
       118        38       155         4
       117       115       157         2
       131       126       165         2
        11       131       170         2
       130        22       171         4
       135        11       180         2
        22       139       182         4
       134       135       183         2
       137       136       184         4
       146       144       187         4
       142       134       188         2
       144       150       189         4
       136       146       193         4
        29       142       194         2
       151        29       195         2
       152       156       198         4
       150        17       199         4
       156        33       204         4
       154       152       205         4
        17       154       206         4
       168        32       207         4
        25       153       208         2
       160        25       209         2
       148       151       221         2
       172       208       223         4
       158       160       224         2
       159       168       226         4
       169       158       227         2
        34       169       231         2
       175       172       232         4
        32       175       233         4
       178        12       235         4
        12       179       241         4
       179       123       242         4
       115       176       245         2
       186       178       247         4
       184       183       250         2
        85       186       251         4
       188        26       256         2
       191        85       257         4
         6       184       258         2
       189       191       261         4
        26       195       265         2
        18       194       266         4
       195        40       268         2
       194       189       269         4
       197       203       273         4
        40       201       275         2
       201         9       276         2
       209        34       282         2
       214       205       285         2
       208       171       286         4
       212       210       288         4
       205       209       289         2
         1       214       290         2
       171       212       291         4
       210         4       293         4
       216         1       294         1
         4       216       297         1
       228        30       300         4
       220       240       302         4
       222       225       303         2
       225        16       306         2
       227       219       308         2
        16       227       314         2
       218       228       315         4
       219       232       316         2
       233       218       317         4
        24       233       319         4
       235        24       324         4
       232        31       325         2
       239       221       327         2
       240       235       328         4
        31       239       330         2
         3       249       332         4
       221       244       333         2
       244         2       335         2
       245       220       337         4
       242       245       339         4
       249       242       342         4
         2         3       343         3
  -35.00000000000000       0.000000000000000    
   12.00000000000000       0.000000000000000    
   12.00000000000000       1.000000000000000    
  -35.00000000000000       1.000000000000000    
  -4.000000000000004       1.000000000000000    
  -11.50000000000000       0.000000000000000    
  0.2500000000000000       0.000000000000000    
  -19.50000000000000       1.000000000000000    
  -5.625000000000000       0.000000000000000    
   3.999999999999998       1.000000000000000    
  -23.25000000000000       0.000000000000000    
  -11.75000000000000       1.000000000000000    
 -0.2664535259100376E-14   1.000000000000000    
  -17.37500000000000       0.000000000000000    
  -2.687500000000000       0.000000000000000    
   6.125000000000000       0.000000000000000    
  -27.25000000000000       1.000000000000000    
  -7.875000000000002       1.000000000000000    
  -20.31250000000000       0.000000000000000    
  -15.62500000000000       1.000000000000000    
   3.187500000000000       0.000000000000000    
  -23.37500000000000       1.000000000000000    
  -5.937500000000004       1.000000000000000    
   7.999999999999998       1.000000000000000    
  -29.12500000000000       0.000000000000000    
  -8.562500000000000       0.000000000000000    
  -17.56250000000000       1.000000000000000    
  -14.43750000000000       0.000000000000000    
  -26.18750000000000       0.000000000000000    
   5.999999999999998       1.000000000000000    
   9.062500000000000       0.000000000000000    
  -31.12500000000000       1.000000000000000    
  -29.18750000000000       1.000000000000000    
  -32.06250000000000       0.000000000000000    
  -1.218750000000000       0.000000000000000    
  -2.000000000000003       1.000000000000000    
   1.999999999999998       1.000000000000000    
  -21.43750000000000       1.000000000000000    
  -21.78125000000000       0.000000000000000    
  -7.093750000000000       0.000000000000000    
  -4.968750000000004       1.000000000000000    
  -5.453125000000004      0.6025390625000007    
  -4.156250000000000       0.000000000000000    
  -4.890625000000000       0.000000000000000    
  -4.961675754536846      0.4975009176143090    
  -4.484375000000004       1.000000000000000    
  -4.242187500000004      0.5256347656249997    
  -3.421875000000000       0.000000000000000    
  -3.000000000000004       1.000000000000000    
  -3.500000000000004       1.000000000000000    
  -3.113353234205889      0.4588316378681092    
  -2.500000000000004      0.6128142225162073    
  -1.953125000000000       0.000000000000000    
  -2.011460305011395      0.4983641653900908    
  -1.000000000000003       1.000000000000000    
  -1.500000000000003       1.000000000000000    
  -1.250000000000003      0.5307617187500000    
 -0.4843750000000000       0.000000000000000    
 -0.6835968395729000      0.5302108092827241    
 -0.1184053552386415      0.4400430236312167    
 -0.5000000000000028       1.000000000000000    
  0.9999999999999976       1.000000000000000    
  0.4999999999999975      0.6017756563513369    
   1.718750000000000       0.000000000000000    
  0.9843750000000000       0.000000000000000    
  0.9896096355119469      0.5000402791326257    
   1.499999999999998       1.000000000000000    
   1.749999999999998      0.5307617187500000    
   1.379060964052658      0.2863009130094325    
   2.453125000000000       0.000000000000000    
   2.999999999999998       1.000000000000000    
   2.305754814510940      0.5358840175127705    
   2.499999999999998       1.000000000000000    
  0.6171875000000000      0.2002741287663151    
   2.861156633005147      0.4563887436884648    
   4.656250000000000       0.000000000000000    
   3.499999999999998       1.000000000000000    
   3.921875000000000       0.000000000000000    
   3.385987454477021      0.4868007954759306    
   4.999999999999998       1.000000000000000    
   3.891924351292569      0.5053916522427681    
   4.499999999999998      0.6316343892350206    
   4.289062500000000      0.2443106136036085    
  -3.691597800146864      0.4819796640510256    
  -9.812500000000000       1.000000000000000    
  -18.84375000000000       0.000000000000000    
  -16.59375000000000       1.000000000000000    
  -17.07812500000000       1.000000000000000    
  -17.32031250000000      0.5278320312500000    
  -16.64062500000000       0.000000000000000    
  -15.90625000000000       0.000000000000000    
  -18.53125000000000       1.000000000000000    
  -18.10937500000000       0.000000000000000    
  -17.89401483575752      0.5317610429923939    
  -18.04687500000000       1.000000000000000    
  -18.44739569997544      0.4463867750103623    
  -19.01562500000000      0.6434758222473642    
  -19.57812500000000       0.000000000000000    
  -19.21093750000000      0.2466148962741556    
  -20.46875000000000       1.000000000000000    
  -19.65353664586187      0.5089432926454587    
  -19.98437500000000       1.000000000000000    
  -20.18086824133914      0.5106413370019067    
  -20.71093750000000      0.5281676101909536    
  -16.27343750000000      0.4838867187500000    
  -15.75405867227056      0.4967469703260960    
  -15.17187500000000       0.000000000000000    
  -13.68750000000000       1.000000000000000    
  -14.65625000000000       1.000000000000000    
  -15.15360983866459      0.6109375340426091    
  -16.10937500000000       1.000000000000000    
  -16.79641715336867      0.5167662991953943    
  -14.80468750000000      0.2947640214391043    
  -14.17187500000000       1.000000000000000    
  -12.96875000000000       0.000000000000000    
  -14.33216619297452      0.5072990278213561    
  -13.70312500000000       0.000000000000000    
  -20.95312500000000       1.000000000000000    
  -21.04687500000000       0.000000000000000    
  -22.40625000000000       1.000000000000000    
  -21.24691499449999      0.4981533224609400    
  -13.81743396476739      0.5019081478869905    
  -12.71875000000000       1.000000000000000    
  -13.20312500000000      0.6076508227831130    
  -13.33593750000000      0.2073987337617400    
  -22.51562500000000       0.000000000000000    
  -22.14843750000000      0.4658203125000000    
  -21.69633413680188      0.4445655326912825    
  -21.92187500000000       1.000000000000000    
  -22.89062500000000       1.000000000000000    
  -22.88281250000000       0.000000000000000    
  -23.06640625000000      0.4985961914062500    
  -22.69921875000000      0.3507027964008848    
  -24.71875000000000       0.000000000000000    
  -23.98437500000000       0.000000000000000    
  -25.31250000000000       1.000000000000000    
  -24.34375000000000       1.000000000000000    
  -23.65259142363123      0.4834883284627765    
  -23.85937500000000       1.000000000000000    
  -24.18425122263324      0.4927446778036804    
  -24.76671792198407      0.5883004707440260    
  -25.45312500000000       0.000000000000000    
  -25.08593750000000      0.2661666429690176    
  -26.28125000000000       1.000000000000000    
  -25.55283279639206      0.5239091041801328    
  -25.79687500000000       1.000000000000000    
  -26.07871600980958      0.5145930303303513    
  -27.65625000000000       0.000000000000000    
  -27.00781250000000      0.5256347656250000    
  -26.76562500000000       1.000000000000000    
  -26.92187500000000       0.000000000000000    
  -28.21875000000000       1.000000000000000    
  -28.39062500000000       0.000000000000000    
  -27.73437500000000       1.000000000000000    
  -27.97656250000000      0.4780273437500000    
  -28.70312500000000       1.000000000000000    
  -29.10731787919994      0.5030582575500038    
  -30.59375000000000       0.000000000000000    
  -30.15625000000000       1.000000000000000    
  -29.85937500000000       0.000000000000000    
  -29.67187500000000      0.6669059276665571    
  -29.49218750000000      0.2565762573547690    
  -28.58234633263267      0.4889152085522890    
  -27.49563866802936      0.5720578995107022    
  -26.54535198133944      0.3444441095656188    
  -27.28906250000000      0.2054838274544662    
  -30.22656250000000      0.4350585937500000    
  -30.64062500000000       1.000000000000000    
  -31.32812500000000       0.000000000000000    
  -30.88281250000000      0.4875488281250000    
  -33.06250000000000       1.000000000000000    
  -32.09375000000000       1.000000000000000    
  -31.69531250000000      0.5119628906250000    
  -31.28573239706057      0.6105816851991905    
  -31.60937500000000       1.000000000000000    
  -12.23437500000000       0.000000000000000    
  -11.86718750000000      0.4394531249999998    
  -10.78125000000000       1.000000000000000    
  -12.23437500000000       1.000000000000000    
  -12.47656250000000      0.5000000000000000    
  -11.26562500000000      0.6062139318379810    
  -12.86421381246748      0.3893457255539262    
  -10.03125000000000       0.000000000000000    
  -10.76562500000000       0.000000000000000    
  -10.77697338375376      0.4999447518163476    
  -10.29687500000000       1.000000000000000    
  -10.05468750000000      0.5290527343749999    
  -9.296875000000000       0.000000000000000    
  -8.843750000000004       1.000000000000000    
  -9.487037437571276      0.5348820634398100    
  -9.328125000000000       1.000000000000000    
  -11.13281250000000      0.2064517309883956    
  -8.926584015291763      0.4371521519491909    
  -8.359375000000004       1.000000000000000    
  -7.828125000000000       0.000000000000000    
  -8.117187500000004      0.4875488281249993    
  -6.906250000000004       1.000000000000000    
  -8.530800634732659      0.6055279968853691    
  -7.513786764705887      0.5158332375919126    
  -7.005262129318160      0.5009866492471545    
  -6.359375000000000       0.000000000000000    
  -6.421875000000004      0.6445628902278036    
  -7.390625000000004       1.000000000000000    
  -5.992187500000000      0.3609159121729664    
  -33.53125000000000       0.000000000000000    
  -32.82031250000000      0.5290527343750000    
  -32.13488769531250      0.4395751953125000    
  -32.57812500000000       1.000000000000000    
  -32.79687500000000       0.000000000000000    
  -34.03125000000000       1.000000000000000    
  -33.38001222364822      0.5389705735851005    
  -33.54687500000000       1.000000000000000    
  -33.93227336543421      0.4493365309611421    
  -34.26562500000000       0.000000000000000    
  -34.51562500000000      0.6287113018653521    
  -35.00000000000000      0.5000000000000000    
  -34.63281250000000      0.2180525069930638    
   6.999999999999998       1.000000000000000    
   7.593750000000000       0.000000000000000    
   10.00000000000000       1.000000000000000    
   10.53125000000000       0.000000000000000    
   5.390625000000000       0.000000000000000    
   5.023437500000000      0.4259759815848730    
   5.499999999999998       1.000000000000000    
   5.757812500000000       0.000000000000000    
   5.941406250000000      0.3496658808216145    
   6.859375000000000       0.000000000000000    
   6.499999999999998       1.000000000000000    
   6.224201723599792      0.6519932445165312    
   6.744196237942269      0.5231828276980033    
   7.326697486142191      0.5177071011469265    
   8.328125000000000       0.000000000000000    
   7.499999999999998       1.000000000000000    
   7.870066842599731      0.4702658139438594    
   9.000000000000000       1.000000000000000    
   8.476157265906675      0.6024060950631288    
   8.695312500000000      0.2291605796373320    
   9.123025287462502      0.5057359554664064    
   9.796875000000000       0.000000000000000    
   9.500000000000000       1.000000000000000    
   9.644563974678620      0.4988500471702155    
   11.00000000000000       1.000000000000000    
   10.21321674817001      0.4721581162153197    
   11.26562500000000       0.000000000000000    
   10.50000000000000       1.000000000000000    
   10.76469944802344      0.5004338524890124    
   5.493459202011630      0.5205939347619721    
   11.63281250000000      0.5000000000000000    
   11.50000000000000       1.000000000000000    
   11.19880642318239      0.6011627191839659    
