         352           3         490           2         212
       184       124       214         0       289       160         1
       282        10       246        80        91       388         1
       340        78        80       341       477         0         1
        13        64       186       247        75       327         1
       341        97        98       256       478         0         1
        51       188         5        44       300       251         1
       352       215        31         0       489       464         1
       189       139       297       411       178       212         1
       176       325       174       231       487       450         1
       190        12        82       267       255         0         1
       332       243        71       266       334       459         1
       192        93       344         0       481       123         1
       193        20        53       299       260         0         1
        33        68       194       259        69       324         1
        17       196        74        38         0       262         1
        18        82       198       267        97       292         1
        19       266       199       365         0       128         1
       200        38       232        59       318         0         1
       160       296       202       410         0       176         1
       203        30       182       422       275         0         1
        64       204        23         0       247       276         1
        90       205        36         0       105       277         1
       206       150       153       391       278         0         1
       167       207        26       151       441       273         1
       133       130       210       280       167       172         1
        43       211       144       221       183       187         1
       159       161       212       286       209       431         1
       152       213        25       161       393       288         1
        48       334       352       490       489       465         1
         9       225       342       308         0        45         1
        82       216        81       102       255       467         1
       336       237        62       261       321       468         1
       343       218        80       100       480        96         1
        15       219        58        83        62       297         1
        89        90        92       110       112       277         1
        49        53       220       299        52       313         1
         3       131       221       301         0       394         1
       196       222        74       153        15       264         1
       294        40       292       174       402       406         1
       142       145       115       186       415       182         1
       223       170       168       224       222       305         1
        47        16       215         0       464        66         1
        32        50       224       307         0        47         1
       188        46         5         0         6       252         1
       235       225         9        30         0       323         1
        45        50       188       252       251       307         1
       226        50        32        43        51       310         1
       226        31        46         0       310       309         1
        44       334       227       465         0       290         1
        37        54       228       311        56        60         1
       226        32        48       312       309        47         1
       220         5        49         0        36       300         1
       229        45        51       251       315         0         1
       220        20        51       315       300       299         1
        52        53       228       313       311       260         1
       228        49        37         0        50       313         1
        57       230        55         0        61       316         1
       231        52        54       311       317         0         1
       232        38       231         0       317        18         1
        54        37       230         0       314        50         1
        55       233        57        64        57       319         1
       233        15        58        34       320       319         1
       234        56        58       320       322         0         1
       233        56        57       271        61       320         1
        59       237       235       325         0        68         1
       225        16        47        42       308       306         1
        68       236        63         0       326       324         1
       237        59       195         0       261        65         1
       194       195        33         0        14       263         1
        61       336        16       469       306       468         1
       186        23        65       330       249       247         1
       242       238        66        77        79       333         1
       194        60        62       295       263       331         1
       239        67       243        86       335         0         1
        13       186       187       249         0         4         1
        70       240        69        81       329       488         1
        13        66       238        72       327         0         1
       238        63        64       276       327       326         1
        60       242        66        72         0       331         1
       247       246        10         2         0       340         1
       241        69       240        76       332         0         1
        39       187       351       485       328         0         1
         6        58       219        34       298       322         1
        70       332        39       461       328       459         1
       222         7       122       392       303       302         1
       244       243        67        74         0       266         1
         7        75       245       338         0       302         1
       119       283        76       149       339       389         1
       197        72        75       338        90       336         1
       197        75       196       264       262        89         1
       246       118       282       152         2       150         1
        77        79       219       298       297       343         1
         6        79       248       342         0       298         1
       249        77       343         0       480       343         1
       249        78        79       342       343       341         1
        34       218       343        33         0       294         1
        18       198        85       103         0        16         1
       251       216        84       293       346       102         1
       250        35        84       296       345         0         1
       218        35        80       477        33       296         1
        18        83       335       466       292         0         1
       216       251        81         0        31        98         1
        88        85       198        97       104       106         1
       333        88       198       103       268       463         1
        36       252        90       107        22       108         1
        85        88       253       349         0       103         1
       252        86        90       110       105       347         1
       252        36        88       349       344       105         1
        91        92       254       350         0       352         1
        86        92        90        35       107       350         1
       265       255       102       121       364       126         1
        92       256        89         0        35       353         1
       258        95       259       358       115       117         1
        14       256       257       353       354         0         1
       258       259        24         0       355       113         1
        92       337       257       471       353       352         1
        95       258        94       356       359       113         1
        14        95       260       359         0       354         1
        97        99       192       258       256       360         1
        94        98       344       481         0       356         1
       102       255        96       122       363       111         1
       255       261        96         0       121       351         1
       192       262        93         0        12       258         1
       110       263       108         0       137       362         1
       266       101       105       130       365       127         1
       100       255       265       111         0       348         1
       101       266       264       357         0       125         1
       266        19       265         0       364        17         1
       111       267       109         0       140       367         1
       268       105       101       125       366       369         1
       268       106       270       371       369       368         1
       104       270       269       371         0       133         1
       270       104       199         0       270       132         1
       271       103       269         0       370       135         1
       272       103       271       134       373         0         1
         8       263       271       362       372         0         1
       110       108       111       376       140       124         1
       111       273       107         0       139       376         1
       111       107       274       374       367       138         1
       109       110       111       137       129       375         1
       338       275       132       164       472       166         1
       221       276         2         0         0       301         1
       143       145       277       382         0       419         1
       114       142       278       383         0       182         1
       116       281       279       380         0       386         1
       119       247        73         0       389       340         1
       166       280       148         0       427       385         1
       282       120       185       248       388       387         1
       283       121        76         0        88       390         1
       118       246        76       339       384        91         1
       207       208        26         0        24       281         1
       282       118       281       380       387        91         1
       222        73        74         0        38       303         1
       283        73       122       303       390       389         1
       284       121       122       390       392         0         1
       125       126       184       246       245       482         1
       151       153       285       391       196       426         1
        11       267       274       367       377         0         1
       126       345        11         0       377       482         1
       124       184       346       246         0         1         1
       213       214        25         0        28       291         1
       286       125       127       245       395         0         1
       347       113       128       379       484         0         1
       132       275       113       379       397       141         1
       275       209       128       282       379       378         1
       275       338       112       473       378       141         1
       210        41       133       403        25       283         1
       135       291       134         0       407       173         1
       338       289       287       396       473       472         1
       129       289       288       398         0       171         1
       289       129       276         0       381       170         1
       290       130       133        25       400         0         1
       293       291       135       168       401       404         1
       292        40       290         0       400        39         1
       134       297       295       411       407       412         1
       162       296       160        19       433       409         1
       189        27       162       409       254       253         1
       189       297       138       412       253         8         1
       137       294       295       405       408       406         1
       298       137       139       408       414         0         1
       140       301       299       184         0       413         1
       114       145       142        40       144       382         1
        43       144       300       416         0        26         1
       299       301       142       383       415       181         1
         1       147       302       418         0       424         1
       303       115       145        40       420         0         1
        43       170       211       284        26       445         1
       141       278       301       383       417         0         1
         4       147       305       423         0       418         1
       306       146       147       421       424         0         1
       145       339       304       475       420       419         1
       146       303       304       420       421         0         1
        22       180       307       425         0       456         1
       117       120       207       281       217       248         1
       123       127       213       291       288       395         1
       285        25       151         0       157       393         1
       149       182       308       422       200       241         1
       309       123       152       288       428         0         1
       285       150       152       428       393       391         1
       308       151       149         0       197       426         1
       317       154       319       438       442       218         1
       201       310        21         0       274       272         1
       157       201       155       269       287       272         1
       156       161       311       430         0       286         1
       312        29       317       218       439       211         1
       162       313       136         0       254       433         1
       155       158       348       476         0       269         1
       212       156       157       429       287       286         1
       155       159       212        27       287         0         1
       202       158       201       269       274       410         1
       312       159        29         0       205       431         1
       136       139       189         8       254       414         1
       296        27       158       476       410       409         1
       163       322       314       446         0       225         1
       312       148       161       430       431       427         1
       315       179       326       452       235       228         1
       316       117       207       194       273       437         1
       154       317        29       205         0       201         1
       165       319       318       220         0       440         1
       318       319       167       436       441       219         1
       211       141       144       417        26       285         1
       172       223       168        41       434       304         1
       177       329       320       238         0       455         1
       321       168       170        41       445         0         1
       322       163       324         0       449       214         1
       171       172       322       446       443       304         1
       171        42       223       305       304         0         1
       179       315        28       435       444       216         1
       323       171       173       443       448         0         1
       169       325       349       450         0       234         1
       324       174       325         9       447         0         1
       350        28       176       435       487         0         1
       328       178       307         0       425       454         1
       325       169       323         0       448       230         1
       326       175       315       432       216         0         1
       164       328       327       237         0       451         1
       327       328       180       425       453       236         1
       320       329       179       452       444       223         1
        22       326       329       452       456         0         1
       308        30       153       278       426       422         1
       330       182       149       197       457       244         1
       330       183       181       243       244       458         1
       331       181       183       242       460         0         1
       330       181       182       275       241       242         1
       125       184       127       289       162       156         1
       346       184       126       156       483       160         1
        23       186        64         4        21        71         1
       120       117       185         0       148       194         1
       187       186        65        71       485        75         1
       351        65       240       332       488       485         1
        45       188        51         6        53        46         1
        46       188        50        46       310        44         1
        27       189       138       178         0       177         1
       136       189       162       177       206       212         1
        82        81       190         0        10        31         1
        97       192        98       481         5       119         1
        71        17       191         0       334       265         1
       262       192        99       119       361       123         1
       194        68       242       333       331        14         1
        53        52       193         0        13        55         1
        62       237       195        68       263        32         1
       197       196        17        15       265        90         1
        62       195       194        69        73       261         1
       222       196        75        90       302        38         1
        17        71       197       337       262       257         1
       243       244        71       337        11        86         1
        82        12       198       268        16        10         1
       198        12       333       462       104       267         1
       155       201       158       210       207       203         1
       270       199       105       365       369       133         1
        57        56       200         0       318        64         1
       310       201       157       203       429       202         1
       207       167       316       436       217        24         1
       201        21       202         0       210       202         1
       182       181       203         0        20       244         1
        64        63       204         0        21        78         1
        90        89       205         0        22        35         1
       153        30       206         0        23       240         1
       120       281       208       386       281       387         1
       130       347       210       484        25         0         1
       120       208       207       151       194       279         1
       128       209       210       283       484       165         1
        41       210       209       282         0       167         1
       170        42       211       285       187       305         1
        42       141       211       221       284         0         1
       156       212       161        27       204       208         1
       155       212       157       208       203       209         1
       123       213       152        28       198       195         1
       127       184       214         1       291       245         1
       334        44       342         0       479        49         1
       127       214       213       161       195       289         1
       335        82        18        16       101       467         1
        83        84       216        98       466       345         1
       251       218        34        96         0       346         1
        62        60       217         0       321        73         1
        35       218        84       346        99       100         1
        77       219        15        34         0        92         1
         6       219        79        92        93        83         1
        20       220        53        36        13        54         1
         5       220        51        54         6        52         1
       276       221       131        37       381       142         1
         7       222        75       264        87        85         1
        73       222       122        85       154       153         1
       171       223       172       222       226       227         1
        42       170       223        41       227       284         1
        16       225        61       323        70        66         1
        50        45       224         0        43        46         1
       342       225        47        66       479        30         1
        31       226        48        51       489        48         1
        46        50       226        47        48       252         1
        52       228        54        50        58        55         1
        48        32       227         0       465        51         1
        49       228        53        55        36        56         1
       230       232        54       317        60       316         1
        51        20       229         0        53        54         1
       230        57       232       318       314        57         1
       232       231        54        58       314        59         1
       200       232        57       316       271        18         1
        15       233        55        61         0        62         1
        56       233        58        62        63        64         1
       336        62       217       295       469        32         1
        58         6       234         0        63        83         1
       225       235        61       325       306        45         1
        68        33       236         0        67        14         1
       235       237        61       468       323        65         1
        63       238        68       333        67        78         1
        13       238        64        78         4        77         1
       351        70        39        84        82       488         1
        70        69       239         0       335        76         1
       241        65        23        71         0       332         1
       194       242        60        79        73       259         1
        65       241       240        81       250       330         1
       238       242        68       259       326        72         1
       332        71       191       257       461        11         1
       239       243        70       459       329        74         1
        72       197       244       337         0        89         1
       244       197        71       265       266       336         1
        75        72       245         0        87        89         1
        76       246       119       340        88       150         1
       246       247       119       146       339        80         1
        78       249        80       480         3        95         1
        79        78       248         0        93        95         1
        79        77       249        94        95        92         1
        88        87       252       347       108       463         1
        84        83       250         0        99       293         1
       218       251        84        98       296       294         1
        86       252        87       344         0       107         1
       262       255       100       126         0       361         1
        88        36       253         0       106       108         1
        92        86       254         0       109       110         1
       255        99       261       360       122       361         1
       337        92        91       109       470       116         1
       257       256        92       112       116       114         1
        95        14       257       114       471       118         1
       341       258        24       115         0       478         1
        94       258        98       478       120       117         1
       264       266       102       364       363       127         1
       337       259        95       113       471       470         1
        95        94       260         0       118       117         1
        99        97       261         0       351       119         1
       255       262        99       258       351       348         1
       263       110       271       373       136       124         1
       102        96       264         0       357       121         1
       266       265       102       111       357       128         1
       199       266       105       125       270        17         1
       101         8       268       368       130         0         1
       274       267       111       129       139       158         1
         8       106       268       131       366       372         1
       268       270       105       270       130       131         1
       271       269       106       371       372       134         1
       269       270       106       131       370       132         1
       271       106         8       368       136       370         1
       272       271       110       362       375       135         1
       346       274       107       139         0       483         1
       110       109       272         0       373       140         1
       111       108       273         0       138       137         1
        11       274       126       483       159       158         1
       209       275       112       166         0       165         1
       113       275       128       165       163       164         1
       279       281       118       152       384       145         1
       289       276       131       301       396       171         1
       145       114       277         0       143       182         1
       278       142       301       184       188       144         1
       118        76       279         0       380       150         1
       319       280       166       147       442       440         1
       208       281       116       145         0       279         1
       120       282       281       152       279       148         1
       185        10       282         2       148         0         1
        73       283       119        88       146       154         1
       122       121       283       149       154       155         1
       150       285       153       157        23       199         1
       122         7       284         0       155        85         1
        25       285       152       199        28       196         1
       131         3       287         0       396        37         1
       127       123       286         0       162       195         1
       287       289       131       381       394       169         1
       132       113       288         0       398       164         1
       288       289       132       472       397       170         1
       292       133       293       403       401       400         1
       292       290       133       172       399       174         1
       135       292       293       399       173       402         1
       294       292       135       401       405        39         1
       133        41       293       404       399       167         1
        41       291       293       173       403         0         1
       295       294       135       402       407       179         1
        40       294       137       179         0        39         1
       134       295       135       405       168       175         1
       137       295       139       411       180       179         1
        27       296       162       176       177       213         1
       202       296       158       213       210        19         1
       295       297       139         8       408       175         1
       134       138       297       178       175         0         1
       300       301       140       181         0       416         1
       139       136       298         0       180       212         1
       142       115       299         0       184        40         1
       301       300       144       183       417       413         1
       301       144       141       221       188       416         1
       147         4       302         0       185       189         1
       339       145       143       143       474       191         1
       304       303       145       186       191       192         1
       147       146       304       192       475       190         1
        30       308       182       197        20       240         1
       339       305       147       189       475       474         1
       147         1       306         0       190       185         1
       307       180       328       237       233       193         1
       151       308       153       240       157       200         1
       148       312       166       439       147       215         1
       152       150       309         0       198       199         1
       157       156       310         0       272       208         1
       161       148       311         0       204       215         1
       159       312       161       215        27       211         1
       349       315       175       235         0       486         1
       162       160       313         0       206       176         1
       172       168       314         0       446       222         1
        28       315       176       486       232       228         1
       316       167       319       220       438       273         1
       154       117       316       217       438         0         1
       154       316       319       436       201       437         1
       312       317       166       442       427       205         1
       280       319       165       219         0       385         1
       167        26       318         0       220        24         1
       317       319       166       385       439       201         1
       171       322       173       449       229       226         1
       179        28       320         0       238       228         1
       170        43       321         0       224       187         1
       314       322       172       226       434       214         1
       325       173       324       449       231       448         1
       325       323       173       229       447       234         1
       322       324       173       447       443       225         1
       349       325       176         9       486       230         1
       331       328       164       236         0       460         1
       329       326       179       216       238       239         1
       329       327       180       237       456       455         1
       328       183       178       458       233       460         1
       327       329       177       223         0       453         1
        22       329       180       453       193       239         1
       149       178       330       458       241         0         1
       178       183       330       242       457       454         1
       243       332        70        84       335        11         1
       328       331       183       243       454       451         1
       191        39       332        84       334         0         1
        12        87       333       463       268         0         1
        88       333        87       462       344       104         1
        47       215       352         7       490        42         1
       227       334        48        29       312        49         1
        83       216       335       467       101       293         1
        82       335       216       466        31       292         1
       237       336        61        70       325        32         1
       217        16       336        70       321         0         1
       259       337        91       352         0       358         1
        95       257       337       116       358       354         1
       289       338       132       141       398       169         1
       287       112       338       166       169         0         1
       305       339       143       419         0       423         1
       147       304       339       191       423       421         1
       158        27       348         0       207       213         1
        80        35       340         0         3       100         1
       258       341        98         5       356       355         1
       334       342        47       308       490       290         1
       249       343        80        33       341        94         1
       192       344        98       120       256        12         1
       126       125       345         0       159       156         1
       274       346       126       246       377       374         1
       210       347       128       163       282       280         1
        65       351       187        82       249       250         1
       315       349       176       450       435       432         1
       176       174       350         0       232         9         1
        70       351       240       250        76       328         1
        48       352        31         7       309        29         1
        47       352       334        29       479       464         1
       124       214         1         4
       340        78         3         2
       341        97         5         4
       215        31         7         4
       190        12        10         4
        93       344        12         2
       193        20        13         2
        74        17        15         4
       199        19        17         2
       200        38        18         2
       202       160        19         2
       203        30        20         2
       204        23        21         2
       205        36        22         2
       206       150        23         2
       342         9        30         2
       221         3        37         3
        16       215        42         4
       224        32        43         2
        46         5        44         4
         9       235        45         2
        31        46        48         4
       227        44        49         2
         5        49        52         4
       229        45        53         2
        49        37        56         4
       230        55        57         4
       231        52        58         2
        38       231        59         2
        37       230        60         4
       234        56        63         2
       235        59        65         2
       236        63        67         2
        59       195        68         2
       195        33        69         2
       239        67        74         2
       187        13        75         4
        13        66        77         4
        66        60        79         4
        10       247        80         4
       241        69        81         2
        39       187        82         4
        67       244        86         2
       245         7        87         2
       248         6        93         2
        77       343        94         4
       343        34        96         4
        85        18        97         2
       250        35        99         2
        18        83       101         2
       251        81       102         4
       253        85       106         2
       254        91       109         4
       256        89       112         2
        14       256       114         2
       259        24       115         4
       260        14       118         2
       344        94       120         2
       261        96       122         4
       262        93       123         2
       263       108       124         4
       265       100       126         2
       264       101       127         4
        19       265       128         2
       267       109       129         2
       269       104       132         2
       104       199       133         2
       103       269       134         2
       272       103       135         2
         8       263       136         4
       273       107       138         4
       276         2       142         2
         2       221       142         3
       277       143       143         4
       278       114       144         4
       279       116       145         2
       247        73       146         4
       280       148       147         2
       121        76       149         2
       208        26       151         2
        73        74       153         4
       284       121       155         2
        11       267       158         2
       345        11       159         2
       346       124       160         4
       214        25       161         4
       286       125       162         2
       347       113       163         2
       291       134       168         4
       288       129       170         2
       129       276       171         2
       290       130       172         2
        40       290       174         2
       298       137       180         2
       299       140       181         2
       300        43       183         2
       302         1       185         1
       303       115       186         2
       141       278       188         4
       305         4       189         4
       306       146       190         2
       146       303       192         2
       307        22       193         4
        25       151       196         4
       309       123       198         2
       151       149       200         4
       310        21       202         2
       311       156       204         2
       313       136       206         2
       348       155       207         4
       155       159       209         4
       159        29       211         4
       314       163       214         2
        29       154       218         4
       318       165       219         2
       320       177       223         2
       321       168       224         2
       163       324       225         2
       171        42       227         4
       323       171       229         4
       349       169       230         4
       324       174       231         2
       350        28       232         2
       178       307       233         4
       169       323       234         4
       326       175       235         4
       327       164       236         2
        22       326       239         4
       331       181       243         2
       117       185       248         4
       138        27       253         4
        81       190       255         4
        17       191       257         4
        52       193       260         2
        56       200       271         2
        21       202       274         2
       181       203       275         2
        63       204       276         2
        89       205       277         2
        30       206       278         2
       130       347       280         2
       209        41       283         4
        42       141       285         4
        44       342       290         2
        34       251       294         4
        60       217       295         4
        15        77       297         4
        45       224       307         2
        32       227       312         2
        20       229       315         2
        55        15       319         4
         6       234       322         2
        33       236       324         2
        69       239       329         2
        23       241       330         2
       244        72       336         2
        72       245       338         2
        78       248       342         2
        83       250       345         2
        87        86       347         4
       100       262       348         2
        36       253       349         2
        86       254       350         4
        24       341       355         4
        94       260       359         2
        97       261       360         4
        96       264       363         4
       101         8       366         4
       107       346       374         4
       109       272       375         2
       108       273       376         4
       112       209       378         4
       114       277       382         4
        76       279       384         2
       116       208       386         2
       185        10       388         4
         7       284       392         2
         3       287       394         4
       123       286       395         2
       113       288       397         2
        41       291       404         4
       137        40       406         2
       134       138       412         4
       140       300       413         2
       136       298       414         2
       115       299       415         2
         4       302       418         1
         1       306       424         2
       150       309       428         2
       156       310       429         2
       148       311       430         2
       175       349       432         4
       160       313       433         2
       168       314       434         2
       154       117       437         4
       165       280       440         2
        26       318       441         2
        28       320       444         2
        43       321       445         2
       164       331       451         2
       177       327       455         2
       149       178       457         4
       191        39       461         4
        12        87       462         4
       217        16       469         4
        91       259       470         4
       287       112       473         4
       143       305       474         4
        27       348       476         4
        35       340       477         2
       125       345       482         2
       174       350       487         2
   0.000000000000000       0.000000000000000    
   37.70000000000000       0.000000000000000    
   37.70000000000000      0.8000000000000000    
   0.000000000000000      0.8000000000000000    
   21.70000000000001      0.8000000000000000    
   18.85000000000000       0.000000000000000    
   28.27500000000000       0.000000000000000    
   10.85000000000000      0.8000000000000000    
   23.56250000000000       0.000000000000000    
   29.70000000000000      0.8000000000000000    
   9.425000000000001       0.000000000000000    
   16.27500000000001      0.8000000000000000    
   25.70000000000000      0.8000000000000000    
   14.13750000000000       0.000000000000000    
   18.98750000000000      0.8000000000000000    
   23.70000000000000      0.8000000000000000    
   27.70000000000000      0.8000000000000000    
   16.49375000000000       0.000000000000000    
   11.78125000000000       0.000000000000000    
   21.20625000000000       0.000000000000000    
   32.98750000000000       0.000000000000000    
   5.425000000000002      0.8000000000000000    
   25.91875000000000       0.000000000000000    
   13.56250000000000      0.8000000000000000    
   8.137500000000003      0.8000000000000000    
   30.63125000000000       0.000000000000000    
   33.70000000000000      0.8000000000000000    
   4.712500000000000       0.000000000000000    
   31.70000000000000      0.8000000000000000    
   7.068750000000001       0.000000000000000    
   22.70000000000000      0.8000000000000000    
   22.38437500000000       0.000000000000000    
   24.74062500000000       0.000000000000000    
   17.63125000000000      0.8000000000000000    
   17.67187500000000       0.000000000000000    
   15.31562500000000       0.000000000000000    
   20.34375000000001      0.8000000000000000    
   20.02812500000000       0.000000000000000    
   26.70000000000000      0.8000000000000000    
   35.34375000000000       0.000000000000000    
   35.70000000000000      0.8000000000000000    
   2.712500000000001      0.8000000000000000    
   2.356250000000000       0.000000000000000    
   22.97343750000000       0.000000000000000    
   21.79531250000000       0.000000000000000    
   22.20000000000000      0.8000000000000000    
   23.26796875000000      0.4624389648437516    
   22.67890625000000      0.3460601806640625    
   21.02187500000001      0.8000000000000000    
   22.08984375000000      0.3533660888671885    
   21.50078125000000      0.3705871582031263    
   20.61718750000000       0.000000000000000    
   20.91171875000000      0.3533660888671885    
   20.32265625000000      0.3460601806640632    
   19.66562500000001      0.8000000000000000    
   19.43906250000000       0.000000000000000    
   19.73359375000000      0.3486694335937496    
   19.14453125000000      0.3611938476562493    
   24.15156250000000       0.000000000000000    
   24.70000000000000      0.8000000000000000    
   23.85703125000000      0.3611938476562493    
   24.34297471469380      0.4567677615087456    
   25.32968750000000       0.000000000000000    
   25.62421875000000      0.3493713378906249    
   26.14886438554853      0.4928291288609253    
   25.20000000000000      0.8000000000000000    
   27.09687500000000       0.000000000000000    
   25.03515625000000      0.3627655029296876    
   26.50781250000000       0.000000000000000    
   26.80234375000001      0.3523284912109375    
   27.30323117381647      0.4717766443493042    
   27.68593750000000       0.000000000000000    
   28.70000000000000      0.8000000000000000    
   28.20000000000000      0.8000000000000000    
   27.98046875000000      0.3759033203125002    
   29.45312500000000       0.000000000000000    
   18.30937500000000      0.8000000000000000    
   18.26093750000000       0.000000000000000    
   18.55546875000000      0.3836334228515618    
   17.96640625000000      0.4159881591796854    
   16.95312500000001      0.8000000000000000    
   16.61406250000001      0.4628051757812496    
   17.08281250000000       0.000000000000000    
   17.37734375000000      0.3860748291015643    
   15.90468750000000       0.000000000000000    
   14.91875000000000      0.8000000000000000    
   15.59687500000000      0.8000000000000000    
   15.61015625000000      0.3458923339843749    
   14.72656250000000       0.000000000000000    
   15.02109375000000      0.3523284912109368    
   14.24062500000000      0.8000000000000000    
   14.55452675779033      0.4430862605913905    
   12.95937500000000       0.000000000000000    
   13.54843750000000       0.000000000000000    
   13.84296875000000      0.3949462890624996    
   12.20625000000000      0.8000000000000000    
   12.88437500000000      0.8000000000000000    
   13.25390625000000      0.4053009033203131    
   12.66484375000000      0.3759033203125007    
   12.37031250000000       0.000000000000000    
   11.52812500000000      0.8000000000000000    
   12.07578125000000      0.3564208984375006    
   10.60312500000000       0.000000000000000    
   11.19218750000000       0.000000000000000    
   11.48671875000000      0.3468536376953125    
   10.89765625000000      0.3472015380859375    
   9.493750000000002      0.8000000000000000    
   10.17187500000000      0.8000000000000000    
   10.01406250000000       0.000000000000000    
   10.30859375000000      0.3574645996093748    
   9.831517879882904      0.4504778764668098    
   36.70000000000000      0.8000000000000000    
   36.52187500000000       0.000000000000000    
   1.356250000000000      0.8000000000000000    
   1.178125000000000       0.000000000000000    
   30.04218750000000       0.000000000000000    
   30.70000000000000      0.8000000000000000    
   29.74765625000000      0.3472015380859372    
   29.20000000000000      0.5184687706335555    
   30.26481982379232      0.4873853963543610    
   28.86406250000000       0.000000000000000    
   28.56953125000000      0.3564208984375000    
   8.246875000000001       0.000000000000000    
   8.815625000000002      0.8000000000000000    
   8.835937500000000       0.000000000000000    
   9.130468750000000      0.4077362060546865    
   8.541406250000001      0.3927795410156257    
   36.32431826283270      0.4638175645255334    
   37.11093750000001       0.000000000000000    
   35.93281250000000       0.000000000000000    
   37.40546875000000      0.4000000000000001    
   36.81640625000000      0.3542510986328120    
   35.63828125000000      0.3481628417968758    
   34.70000000000000      0.8000000000000000    
   35.12544345237558      0.4833402390209738    
   34.16562500000001       0.000000000000000    
   34.75468750000000       0.000000000000000    
   34.20000000000000      0.8000000000000000    
   34.46015625000000      0.3817352294921876    
   1.767187500000000       0.000000000000000    
   2.034375000000001      0.8000000000000000    
   1.472656250000000      0.3542510986328125    
  0.6781250000000002      0.8000000000000000    
   2.061718750000000      0.3462493896484375    
   1.001881165150031      0.4460976032187695    
  0.5890625000000000       0.000000000000000    
  0.2945312500000000      0.4000000000000000    
   31.80937500000000       0.000000000000000    
   6.781250000000002      0.8000000000000000    
   7.657812500000000       0.000000000000000    
   7.459375000000001      0.8000000000000000    
   7.952343750000000      0.3672088623046880    
   7.363281250000000      0.3515533447265629    
   31.20000000000000      0.8000000000000000    
   32.70000000000000      0.8000000000000000    
   32.39843750000000       0.000000000000000    
   32.69296875000001      0.3458129882812492    
   33.22795451871096      0.5031303505230551    
   32.20000000000000      0.8000000000000000    
   33.57656250000001       0.000000000000000    
   32.10390625000000      0.3515533447265633    
   33.87109375000001      0.3640777587890641    
   3.534375000000000       0.000000000000000    
   5.890625000000000       0.000000000000000    
   31.22031250000000       0.000000000000000    
   31.51484375000000      0.3672088623046874    
   30.92578125000000      0.3776428222656247    
   2.945312500000000       0.000000000000000    
   4.068750000000001      0.8000000000000000    
   2.650781250000000      0.3481628417968751    
   3.390625000000001      0.8000000000000000    
   3.239843750000000      0.3599914550781251    
   3.729687500000001      0.4480102539062499    
   4.123437500000001       0.000000000000000    
   4.746875000000001      0.8000000000000000    
   4.417968750000000      0.4133941650390629    
   5.301562500000000       0.000000000000000    
   6.103125000000001      0.8000000000000000    
   5.007031250000000      0.3880828857421872    
   5.596093750000000      0.3640777587890622    
   6.479687500000001       0.000000000000000    
   6.774218750000001      0.3458129882812501    
   6.185156250000000      0.3499877929687497    
   8.833609354496003      0.4919509887695317    
   30.20000000000000      0.8000000000000000    
   25.85333893451259      0.5425270064470640    
   26.20000000000000      0.8000000000000000    
   21.79914540599315      0.4930846948486093    
   34.16222110178403      0.4864623270547274    
   16.61406250000001      0.8000000000000000    
   27.20000000000000      0.8000000000000000    
   12.96356606676518      0.3066224096175169    
   20.91171875000000       0.000000000000000    
   24.68087542458255      0.3494594987176565    
   24.44609375000000       0.000000000000000    
   27.95000000000000      0.6605431920197009    
   27.69029669642873      0.4887930595329854    
   16.19921875000000      0.3236084275762248    
   11.48671875000000       0.000000000000000    
   19.73359375000000       0.000000000000000    
   32.99554002016275      0.3051813575839729    
   33.28203125000000       0.000000000000000    
   6.774218750000001       0.000000000000000    
   25.62421875000000       0.000000000000000    
   15.02109375000000       0.000000000000000    
   7.363281250000000       0.000000000000000    
   30.58048307634975      0.3432709879703077    
   30.33671875000000       0.000000000000000    
   36.20000000000000      0.8000000000000000    
   35.96193020188556      0.5208859118420960    
   2.355455973833257      0.5916496672528158    
   32.40013226855124      0.5225965130395700    
   8.241690702267283      0.4994229981227304    
   8.476562500000004      0.8000000000000000    
   23.20000000000000      0.8000000000000000    
   16.99512597118724      0.4186987188070192    
   24.20000000000000      0.8000000000000000    
   17.66719906628132      0.4931114196777340    
   18.85505460618101      0.5051023750177239    
   21.20166661318568      0.5187555809067067    
   37.70000000000000      0.4000000000000000    
   28.27910189938876      0.4901854532997805    
   2.941607785298450      0.5385711759277105    
   22.08984375000000       0.000000000000000    
   23.54574693441392      0.3143440246582037    
   22.38645119508352      0.5171130845575753    
   22.67890625000000       0.000000000000000    
   20.61457995333783      0.5599550257090705    
   21.50078125000000       0.000000000000000    
   20.00468750000001      0.8000000000000000    
   20.32265625000000       0.000000000000000    
   20.02790878204560      0.2985516440522807    
   19.44290541576170      0.5356760295105081    
   19.14453125000000       0.000000000000000    
   23.85703125000000       0.000000000000000    
   25.03515625000000       0.000000000000000    
   24.12548494900817      0.2794183050734876    
   25.33296430235117      0.5001790371865025    
   26.80234375000001       0.000000000000000    
   26.45803864314600      0.3408806575264914    
   26.21328125000000       0.000000000000000    
   24.95000000000000      0.6445621362756602    
   27.08254028520281      0.2872886880571812    
   27.39140625000000       0.000000000000000    
   27.98046875000000       0.000000000000000    
   29.51083909089356      0.5511840439204316    
   29.20000000000000      0.8000000000000000    
   18.55546875000000       0.000000000000000    
   18.26608358506697      0.4935023514726898    
   17.37734375000000       0.000000000000000    
   17.29218750000000      0.8000000000000000    
   15.31797940790785      0.5645951124580768    
   15.61015625000000       0.000000000000000    
   14.57968750000001      0.8000000000000000    
   12.37244557740801      0.3016672576200268    
   14.43203125000000       0.000000000000000    
   14.28476562500000      0.2791886826419800    
   13.55004811286926      0.4917495727539068    
   13.90156250000000      0.8000000000000000    
   13.84296875000000       0.000000000000000    
   12.54531250000000      0.8000000000000000    
   12.66484375000000       0.000000000000000    
   10.51093750000000      0.8000000000000000    
   11.86718750000000      0.8000000000000000    
   12.07578125000000       0.000000000000000    
   11.78210164697629      0.2992008068376275    
   9.719531249999999       0.000000000000000    
   11.19233821524853      0.6022175890531845    
   10.89765625000000       0.000000000000000    
   11.19215884076107      0.2985019656531103    
   10.60220119377118      0.2993099426175697    
   10.30859375000000       0.000000000000000    
   9.832812500000003      0.8000000000000000    
   9.479807265689562      0.4485606280770542    
   36.59850286240247      0.5354202110957740    
   37.40546875000000       0.000000000000000    
   1.017187500000000      0.8000000000000000    
   1.695312500000000      0.8000000000000000    
   29.74765625000000       0.000000000000000    
   31.51484375000000       0.000000000000000    
   30.03913363104891      0.2959356786402456    
   29.94175722784349      0.5965374278016630    
   28.91029717225245      0.3381109619972685    
   28.56953125000000       0.000000000000000    
   7.653440171232038      0.5238965787801899    
   8.541406250000001       0.000000000000000    
   37.20000000000000      0.8000000000000000    
   36.81640625000000       0.000000000000000    
   37.11659578897801      0.3042694642193224    
   35.63828125000000       0.000000000000000    
   35.20000000000000      0.8000000000000000    
   35.34967736126748      0.2936476999278779    
   35.44197277051828      0.5962285619563508    
   35.04515800724761      0.1610567579588639    
   34.79874921724331      0.3935825969327503    
   33.52917921924104      0.3395057505239395    
   34.45000000000000      0.6654577487779200    
   34.46015625000000       0.000000000000000    
   1.472656250000000       0.000000000000000    
   2.061718750000000       0.000000000000000    
   1.766491137740306      0.2989860836466794    
   0.000000000000000      0.4000000000000000    
  0.8835937500000000       0.000000000000000    
  0.7363281250000001      0.2777803810596516    
  0.3390625000000001      0.8000000000000000    
  0.2945312500000000       0.000000000000000    
   5.764062500000001      0.8000000000000000    
   7.066608545282600      0.5684344452766266    
   7.952343750000000       0.000000000000000    
   32.69296875000001       0.000000000000000    
   32.10390625000000       0.000000000000000    
   31.81299676800872      0.4956555963255959    
   33.87109375000001       0.000000000000000    
   3.239843750000000       0.000000000000000    
   4.716450265049934      0.4926719665527345    
   30.95000000000000      0.6621165454555624    
   31.45000000000000      0.6509524923861871    
   30.92578125000000       0.000000000000000    
   31.21907770287285      0.3027137976314852    
   5.007031250000001       0.000000000000000    
   2.650781250000000       0.000000000000000    
   3.507340896129609      0.2783645629882815    
   3.729687500000001      0.8000000000000000    
   3.828906250000000       0.000000000000000    
   4.075032462487712      0.4546483841732169    
   5.085937500000002      0.8000000000000000    
   5.596093750000000       0.000000000000000    
   5.889262524871405      0.3000714591749946    
   5.298607370340465      0.3035643106457444    
   6.481314685795967      0.5774953548652613    
   6.185156250000000       0.000000000000000    
   26.95000000000000      0.6216190389493921    
   15.93593750000000      0.6097126623700762    
   22.99134506091156      0.3136087169156015    
   16.78828125000000      0.1568486989419692    
   23.95000000000000      0.6419643536553701    
   14.11362191708087      0.5269598369902238    
   36.95000000000000      0.6272128404168207    
  0.5664165580554367      0.5231964440816028    
   17.96640625000000       0.000000000000000    
   13.22343750000000      0.8000000000000000    
   23.26796875000000       0.000000000000000    
   17.97031250000001      0.8000000000000000    
   13.25390625000000       0.000000000000000    
   9.130468750000000       0.000000000000000    
   9.154687500000000      0.8000000000000000    
   36.22734375000000       0.000000000000000    
   33.20000000000000      0.8000000000000000    
   4.407812500000001      0.8000000000000000    
   4.417968750000000       0.000000000000000    
   26.45000000000000      0.6384350465200717    
   22.95000000000000      0.6192958011011829    
