         183           3         244           2         120
       127       126       124       160       161       156         1
       118       120        10       152        91       148         1
        35        78        80        95       100         0         1
        13        64        65        71        75        77         1
        24        97        98       119       113         0         1
        51        50         5        44        52        46         1
        16        31        47        29        66         0         1
       138       162       139       212       178       177         1
       174       176       173       234       231       232         1
        81        12        82        97        31         0         1
        39        70        71        80        84        82         1
        98        99        93       123       120       119         1
        52        20        53        54        55         0         1
        33        68        62        73        69        67         1
        17        75        74        38         0        90         1
        85        18        82       101        97         0         1
       104        19       105       128       133         0         1
        57        56        38         0        59        64         1
       158       157        21       202       210       203         1
       181        30       182       240       244         0         1
        64        63        23         0        71        78         1
        90        89        36         0       108        35         1
        30       150       153       199       240         0         1
       167       120        26       151       219       194         1
       133       128        41       167       173       165         1
       141       144       170       187       221       188         1
       159       161       157       208       209       211         1
       152       127        25       161       196       195         1
        48        47        31         7        48        42         1
        44         9        47        45        42         0         1
        81        82        84        98       102        10         1
        16        61        62        68        70        66         1
        80        34        84       102       100        96         1
        15        79        58        83        62        92         1
        89        90        92       110       112        22         1
        49        53        51        54        52        56         1
         3       131         2       142         0       166         1
        74        75       122        85       153        15         1
        40       135       137       179         0       174         1
       142       145       115       186       181       182         1
       172        42       170       221       222       227         1
        48        44        47        30        29        49         1
        32        50        45        46         0        51         1
         5        50        46        47         0         6         1
         9        61        47        66        30        65         1
        51        45        50        43         6        53         1
        48        46        50        44        51        48         1
        46        48        31        29         0        47         1
        32        44        48        42        51         0         1
        37        54        53        55        56        60         1
        48        50        32        43        49        47         1
        49        51         5         6         0        36         1
        20        45        51        46        54         0         1
        51        53        20        13        53        36         1
        54        52        53        13        50        58         1
        37        53        49        36         0        50         1
        57        37        55         0        61        60         1
        38        52        54        55        59         0         1
        54        57        38        18        58        60         1
        57        54        37        50        57        59         1
        55        58        57        64        57        62         1
        58        55        15         0        34        61         1
         6        56        58        64        83         0         1
        57        58        56        63        18        61         1
         9        59        61        68        45         0         1
        47        61        16        32         7        45         1
        68        33        63         0        78        14         1
        62        61        59        65        69        32         1
        33        62        59        68         0        14         1
        16        62        60        73         0        32         1
        65        64        23        21        81         4         1
        66        68        64        78        77        79         1
        62        68        60        79        70        14         1
        70        69        67         0        80        76         1
        39        13        65         4        82         0         1
        70        65        69        81        74        82         1
        64        13        66         0        72         4         1
        64        68        63        67        21        72         1
        60        68        66        72         0        73         1
        71        70        67        74        86        11         1
        65        23        69         0        76        71         1
        65        70        39        11        75        76         1
        79         6        58        63        34        93         1
        39        71        17        90         0        11         1
       122        75         7        87       155        38         1
        71        67        72         0        89        80         1
         7        75        72        89         0        85         1
        76       119       121       149         0       150         1
        75        71        72        86        87        90         1
        17        71        75        89        15        84         1
        10       119       118       150         2       146         1
        15        77        79        94        34         0         1
         6        79        78        95         0        83         1
        80        79        77        92        96        95         1
        79        80        78         3        93        94         1
        77        34        80        33        94         0         1
        85        82        12        10       103        16         1
        83        84        82        31       101        99         1
        83        35        84       100        98         0         1
        80        84        35        99         3        33         1
        82        18        83         0        98        16         1
        81        84        34        33         0        31         1
        12        88        85       106        97       104         1
        88        12        87         0       105       103         1
        90        88        87       104       107       108         1
        85        88        36       108         0       103         1
        90        87        86         0       110       105         1
        88        90        36        22       106       105         1
        91        92        86       110         0       116         1
        86        92        90        35       107       109         1
       102       100        99       123       121       126         1
        92        14        89         0        35       114         1
        24        98        95       117       115         5         1
        95        14        92       112       116       118         1
        24        95        91       116         0       113         1
        95        92        91       109       115       114         1
        94        95        98       113       120       118         1
        14        95        94       117         0       114         1
        98        97        99       122        12         5         1
        94        98        93        12         0       117         1
        96       102        99       111       122       125         1
        96        99        97       119         0       121         1
        93        99       100       111         0        12         1
       110         8       108         0       137       136         1
       101       102        96       121         0       127         1
        19       100       102       111       128         0         1
       105       102       101       125       130       128         1
       102       105        19        17       126       127         1
       111        11       109         0       140       158         1
       101       106       105       133       127       131         1
       106       101         8         0       136       130         1
       103       104       106       133       134         0         1
       105       106       104       132        17       130         1
       106       110       103       135       132       136         1
       110       109       103         0       134       140         1
       110       106         8       131       124       134         1
       110       108       111       138       140       124         1
       111       108       107         0       139       137         1
       111       107       126       160       158       138         1
       109       110       111       137       129       135         1
       132       112       128       167       164       169         1
         2       131       129       171         0        37         1
       143       145       114       182         0       191         1
       114       142       141       188         0       182         1
        76       116       118       148       150         0         1
       119        10        73         0       154        91         1
       166       165       148         0       215       220         1
       120       118       116       145       151         2         1
       119       122       121       155        88       154         1
        76       118       119        91        88       145         1
        26       120       116       148         0        24         1
        10       120       117       194         0         2         1
        74       122        73       154         0        38         1
       122       119        73       146       153       149         1
         7       121       122       149        85         0         1
       127       125       126       159         1       162         1
       151       153       152       199       196       200         1
       111       126        11       159       129       139         1
       126       125        11         0       158       156         1
       107       124       126         1       139         0         1
        25       127       124         1         0        28         1
       123       125       127       156       195         0         1
       130       113       128       164       165         0         1
       113       132       128       141       163       170         1
       133       130       128       163        25       172         1
         3       112       131       169        37         0         1
       112        41       128        25       141         0         1
       135        41       134         0       175       173         1
       132       131       112       166       141       171         1
       113       129       132       171       164         0         1
       131       132       129       170       142       169         1
        40       130       133       165       174         0         1
        41       135       133       174        25       168         1
       133       135        40        39       172       173         1
       139       135       134       168       178       179         1
       162       158       160       210       206       213         1
       162       138        27         0       213         8         1
       138       139       134       175         0         8         1
       135       139       137       180        39       175         1
       136       137       139       179       212         0         1
       115       140       142       184        40         0         1
       114       145       142        40       144       143         1
        43       144       140       184         0       187         1
       142       140       144       183       188       181         1
         1       147         4       189         0       190         1
       146       115       145        40       192         0         1
       144        43       170       224        26       183         1
       142       144       141        26       144       184         1
         4       147       143       191         0       185         1
         1       146       147       192       185         0         1
       147       145       143       143       189       192         1
       147       146       145       186       191       190         1
        22       180       178       233         0       239         1
       167       117       120       152        24       217         1
       152       123       127       162        28       198         1
       151       152        25        28         0       157         1
       149       182       153       240       200       241         1
       150       123       152       195       199         0         1
       152       153       150        23       198       157         1
       149       153       151       157         0       197         1
       166       154       167       217       220       218         1
        21       157       156       208         0        19         1
       155       157       158        19       207       209         1
       156       161       148       215         0       208         1
       166       161        29       211       218       215         1
       162       160       136         0       212       176         1
       155       158        27       213         0       203         1
       157       161       156       204       202        27         1
       157       155       159         0        27       203         1
       158        21       160         0       176        19         1
        29       161       159        27         0       205         1
       162       136       139       180         8       206         1
       158       162        27       177       207       176         1
       168       163       172       225       222         0         1
       161       166       148       147       204       205         1
       175       176       179       228       235       230         1
       167       154       117         0       194       201         1
       154       166        29       205         0       201         1
        26       165       167       220        24         0         1
       167       165       166       147       201       219         1
       170        42       141         0        26        41         1
       168       172       170        41       224       214         1
        28       177       179       238       228         0         1
        43       168       170       222       187         0         1
       173       172       163       214       231       226         1
       173       171       172       227       225       229         1
       172       171        42         0        41       226         1
        28       179       176       216       232       223         1
       169       171       173       226       234         0         1
       175       169       176       234       216         0         1
       173       163       174         0         9       225         1
       174        28       176       228         9         0         1
       178       180       183       237       242       193         1
       173       176       169       230       229         9         1
       179        22       175         0       216       239         1
       177       164       180       237       238         0         1
       180       164       183       243       233       236         1
       179       177       180       236       239       223         1
       179       180        22       193       235       238         1
       153       182        30        20        23       197         1
       149       183       182       244       197       242         1
       183       149       178         0       233       241         1
       164       181       183       244       237         0         1
       182       183       181       243        20       241         1
        35        78         3         2
        24        97         5         4
        16        31         7         4
        81        12        10         4
        52        20        13         2
        74        17        15         4
        85        18        16         2
       104        19        17         2
        56        38        18         2
       181        30        20         2
        63        23        21         2
        89        36        22         2
        30       150        23         2
        44         9        30         2
         2         3        37         3
       137        40        39         2
        45        32        43         2
        46         5        44         4
        31        46        48         4
        32        44        49         2
         5        49        52         4
        20        45        53         2
        49        37        56         4
        37        55        57         4
        38        52        58         2
        55        15        62         4
         6        56        63         2
         9        59        65         2
        33        63        67         2
        59        33        69         2
        60        16        70         4
        69        67        74         2
        39        13        75         4
        13        66        77         4
        66        60        79         4
        23        69        81         2
        17        39        84         4
        67        72        86         2
        72         7        87         2
       121        76        88         2
        15        77        92         4
        78         6        93         2
        77        34        96         4
        83        35        99         2
        18        83       101         2
        34        81       102         4
        12        87       104         4
        36        85       106         2
        87        86       107         4
        86        91       109         4
        14        89       112         2
        91        24       115         4
        94        14       118         2
        93        94       120         2
        97        96       122         4
       100        93       123         2
         8       108       124         4
        96       101       125         4
        19       100       126         2
        11       109       129         2
       101         8       131         4
       103       104       132         2
       109       103       135         2
       108       107       138         4
       129         2       142         2
       114       143       143         4
       141       114       144         4
        76       116       145         2
        10        73       146         4
       165       148       147         2
       116        26       151         2
       117        10       152         4
        73        74       153         4
         7       121       155         2
       125        11       159         2
       107       124       160         4
       124        25       161         4
       123       125       162         2
       130       113       163         2
         3       112       166         4
       112        41       167         4
        41       134       168         4
       113       129       170         2
        40       130       172         2
       138        27       177         4
       134       138       178         4
       136       137       180         2
       115       140       181         2
       140        43       183         2
         4         1       185         1
       146       115       186         2
       143         4       189         4
         1       146       190         2
       178        22       193         4
        25       151       196         4
       150       123       198         2
       151       149       200         4
       156        21       202         2
       148       156       204         2
       160       136       206         2
        27       155       207         4
       155       159       209         4
        21       160       210         2
       159        29       211         4
       168       163       214         2
       154       117       217         4
        29       154       218         4
        26       165       219         2
        42       141       221         4
        28       177       223         2
        43       168       224         2
       171        42       227         4
       169       171       229         4
       175       169       230         4
       163       174       231         2
       174        28       232         2
        22       175       235         4
       177       164       236         2
       149       178       242         4
       164       181       243         2
   0.000000000000000       0.000000000000000    
   37.70000000000000       0.000000000000000    
   37.70000000000000      0.8000000000000000    
   0.000000000000000      0.8000000000000000    
   21.70000000000001      0.8000000000000000    
   18.85000000000000       0.000000000000000    
   28.27500000000000       0.000000000000000    
   10.85000000000000      0.8000000000000000    
   23.56250000000000       0.000000000000000    
   29.70000000000000      0.8000000000000000    
   9.425000000000001       0.000000000000000    
   16.27500000000001      0.8000000000000000    
   25.70000000000000      0.8000000000000000    
   14.13750000000000       0.000000000000000    
   18.98750000000000      0.8000000000000000    
   23.70000000000000      0.8000000000000000    
   27.70000000000000      0.8000000000000000    
   16.49375000000000       0.000000000000000    
   11.78125000000000       0.000000000000000    
   21.20625000000000       0.000000000000000    
   32.98750000000000       0.000000000000000    
   5.425000000000002      0.8000000000000000    
   25.91875000000000       0.000000000000000    
   13.56250000000000      0.8000000000000000    
   8.137500000000003      0.8000000000000000    
   30.63125000000000       0.000000000000000    
   33.70000000000000      0.8000000000000000    
   4.712500000000000       0.000000000000000    
   31.70000000000000      0.8000000000000000    
   7.068750000000001       0.000000000000000    
   22.70000000000000      0.8000000000000000    
   22.38437500000000       0.000000000000000    
   24.74062500000000       0.000000000000000    
   17.63125000000000      0.8000000000000000    
   17.67187500000000       0.000000000000000    
   15.31562500000000       0.000000000000000    
   20.34375000000001      0.8000000000000000    
   20.02812500000000       0.000000000000000    
   26.70000000000000      0.8000000000000000    
   35.34375000000000       0.000000000000000    
   35.70000000000000      0.8000000000000000    
   2.712500000000001      0.8000000000000000    
   2.356250000000000       0.000000000000000    
   22.97343750000000       0.000000000000000    
   21.79531250000000       0.000000000000000    
   22.20000000000000      0.8000000000000000    
   23.26796875000000      0.4624389648437516    
   22.67890625000000      0.3460601806640625    
   21.02187500000001      0.8000000000000000    
   22.08984375000000      0.3533660888671885    
   21.50078125000000      0.3705871582031263    
   20.61718750000000       0.000000000000000    
   20.91171875000000      0.3533660888671885    
   20.32265625000000      0.3460601806640632    
   19.66562500000001      0.8000000000000000    
   19.43906250000000       0.000000000000000    
   19.73359375000000      0.3486694335937496    
   19.14453125000000      0.3611938476562493    
   24.15156250000000       0.000000000000000    
   24.70000000000000      0.8000000000000000    
   23.85703125000000      0.3611938476562493    
   24.34297471469380      0.4567677615087456    
   25.32968750000000       0.000000000000000    
   25.62421875000000      0.3493713378906249    
   26.14886438554853      0.4928291288609253    
   25.20000000000000      0.8000000000000000    
   27.09687500000000       0.000000000000000    
   25.03515625000000      0.3627655029296876    
   26.50781250000000       0.000000000000000    
   26.80234375000001      0.3523284912109375    
   27.30323117381647      0.4717766443493042    
   27.68593750000000       0.000000000000000    
   28.70000000000000      0.8000000000000000    
   28.20000000000000      0.8000000000000000    
   27.98046875000000      0.3759033203125002    
   29.45312500000000       0.000000000000000    
   18.30937500000000      0.8000000000000000    
   18.26093750000000       0.000000000000000    
   18.55546875000000      0.3836334228515618    
   17.96640625000000      0.4159881591796854    
   16.95312500000001      0.8000000000000000    
   16.61406250000001      0.4628051757812496    
   17.08281250000000       0.000000000000000    
   17.37734375000000      0.3860748291015643    
   15.90468750000000       0.000000000000000    
   14.91875000000000      0.8000000000000000    
   15.59687500000000      0.8000000000000000    
   15.61015625000000      0.3458923339843749    
   14.72656250000000       0.000000000000000    
   15.02109375000000      0.3523284912109368    
   14.24062500000000      0.8000000000000000    
   14.55452675779033      0.4430862605913905    
   12.95937500000000       0.000000000000000    
   13.54843750000000       0.000000000000000    
   13.84296875000000      0.3949462890624996    
   12.20625000000000      0.8000000000000000    
   12.88437500000000      0.8000000000000000    
   13.25390625000000      0.4053009033203131    
   12.66484375000000      0.3759033203125007    
   12.37031250000000       0.000000000000000    
   11.52812500000000      0.8000000000000000    
   12.07578125000000      0.3564208984375006    
   10.60312500000000       0.000000000000000    
   11.19218750000000       0.000000000000000    
   11.48671875000000      0.3468536376953125    
   10.89765625000000      0.3472015380859375    
   9.493750000000002      0.8000000000000000    
   10.17187500000000      0.8000000000000000    
   10.01406250000000       0.000000000000000    
   10.30859375000000      0.3574645996093748    
   9.831517879882904      0.4504778764668098    
   36.70000000000000      0.8000000000000000    
   36.52187500000000       0.000000000000000    
   1.356250000000000      0.8000000000000000    
   1.178125000000000       0.000000000000000    
   30.04218750000000       0.000000000000000    
   30.70000000000000      0.8000000000000000    
   29.74765625000000      0.3472015380859372    
   29.20000000000000      0.5184687706335555    
   30.26481982379232      0.4873853963543610    
   28.86406250000000       0.000000000000000    
   28.56953125000000      0.3564208984375000    
   8.246875000000001       0.000000000000000    
   8.815625000000002      0.8000000000000000    
   8.835937500000000       0.000000000000000    
   9.130468750000000      0.4077362060546865    
   8.541406250000001      0.3927795410156257    
   36.32431826283270      0.4638175645255334    
   37.11093750000001       0.000000000000000    
   35.93281250000000       0.000000000000000    
   37.40546875000000      0.4000000000000001    
   36.81640625000000      0.3542510986328120    
   35.63828125000000      0.3481628417968758    
   34.70000000000000      0.8000000000000000    
   35.12544345237558      0.4833402390209738    
   34.16562500000001       0.000000000000000    
   34.75468750000000       0.000000000000000    
   34.20000000000000      0.8000000000000000    
   34.46015625000000      0.3817352294921876    
   1.767187500000000       0.000000000000000    
   2.034375000000001      0.8000000000000000    
   1.472656250000000      0.3542510986328125    
  0.6781250000000002      0.8000000000000000    
   2.061718750000000      0.3462493896484375    
   1.001881165150031      0.4460976032187695    
  0.5890625000000000       0.000000000000000    
  0.2945312500000000      0.4000000000000000    
   31.80937500000000       0.000000000000000    
   6.781250000000002      0.8000000000000000    
   7.657812500000000       0.000000000000000    
   7.459375000000001      0.8000000000000000    
   7.952343750000000      0.3672088623046880    
   7.363281250000000      0.3515533447265629    
   31.20000000000000      0.8000000000000000    
   32.70000000000000      0.8000000000000000    
   32.39843750000000       0.000000000000000    
   32.69296875000001      0.3458129882812492    
   33.22795451871096      0.5031303505230551    
   32.20000000000000      0.8000000000000000    
   33.57656250000001       0.000000000000000    
   32.10390625000000      0.3515533447265633    
   33.87109375000001      0.3640777587890641    
   3.534375000000000       0.000000000000000    
   5.890625000000000       0.000000000000000    
   31.22031250000000       0.000000000000000    
   31.51484375000000      0.3672088623046874    
   30.92578125000000      0.3776428222656247    
   2.945312500000000       0.000000000000000    
   4.068750000000001      0.8000000000000000    
   2.650781250000000      0.3481628417968751    
   3.390625000000001      0.8000000000000000    
   3.239843750000000      0.3599914550781251    
   3.729687500000001      0.4480102539062499    
   4.123437500000001       0.000000000000000    
   4.746875000000001      0.8000000000000000    
   4.417968750000000      0.4133941650390629    
   5.301562500000000       0.000000000000000    
   6.103125000000001      0.8000000000000000    
   5.007031250000000      0.3880828857421872    
   5.596093750000000      0.3640777587890622    
   6.479687500000001       0.000000000000000    
   6.774218750000001      0.3458129882812501    
   6.185156250000000      0.3499877929687497    
