   2.9746731727647168E-003
   2.9746731727647168E-003
   2.9746731727647168E-003
   2.9746731727647168E-003
   2.9746731727647168E-003
   2.9746731727647168E-003
   2.9746731727647168E-003
   2.9746731727647168E-003
   2.9746731727647168E-003
   2.9746731727647168E-003
   2.9746731727647168E-003
   2.9746731727647159E-003
   2.9746731727647159E-003
   2.9746731727647159E-003
   2.9746731727647159E-003
   2.9746731727647159E-003
   2.9746731727647155E-003
   2.9746731727647155E-003
   2.9746731727647155E-003
   2.9746731727647155E-003
   2.9746731727647155E-003
   2.9746731727647155E-003
   2.9746731727647150E-003
   2.9746731727647150E-003
   2.9746731727647150E-003
   2.9746731727647150E-003
   2.9746731727647150E-003
   2.9746731727647150E-003
   2.9746731727647150E-003
   2.9746731727647150E-003
   2.9746731727647150E-003
   2.9746731727647150E-003
   2.9746731727647150E-003
   2.9746731727647150E-003
   2.9746731727647150E-003
   2.9746731727647150E-003
   2.9746731727647150E-003
   2.9746731727647150E-003
   2.9746731727647150E-003
   2.9746731727647150E-003
   2.9746731727647142E-003
   2.9746731727647142E-003
   2.9746731727647142E-003
   2.9746731727647142E-003
   2.9746731727647142E-003
   2.9746731727647142E-003
   2.9746731727647142E-003
   2.9746731727647142E-003
   2.9746731727647142E-003
   2.9746731727647142E-003
   2.9746731727647142E-003
   2.9746731727647142E-003
   2.9746731727647137E-003
   2.9746731727647142E-003
   2.9746731727647142E-003
   2.9746731727647137E-003
   2.9746731727647129E-003
   2.9746731727647129E-003
   2.9746731727647129E-003
   2.9746731727647129E-003
   2.9746731727647129E-003
   2.9746731727647129E-003
   2.9746731727647129E-003
   2.9746731727647129E-003
   2.9746731727647129E-003
   2.9746731727647129E-003
   2.9746731727647124E-003
   2.9746731727647124E-003
   2.9746731727647124E-003
   2.9746731727647116E-003
   2.9746731727647116E-003
   2.9746731727647116E-003
   2.9746731727647116E-003
   2.9746731727647111E-003
   2.9746731727647111E-003
   2.9746731727647111E-003
   2.9746731727647116E-003
   2.9746731727647116E-003
   2.9746731727647116E-003
   2.9746731727647124E-003
   2.9746731727647111E-003
   2.9746731727647111E-003
   2.9746731727647116E-003
   2.9746731727647111E-003
   2.9746731727647124E-003
   2.9746731727647124E-003
   2.9746731727647116E-003
   2.9746731727647116E-003
   2.9746731727647124E-003
   2.9746731727647111E-003
   2.9746731727647111E-003
   2.9746731727647111E-003
   2.9746731727647111E-003
   2.9746731727647111E-003
   2.9746731727647103E-003
   2.9746731727647103E-003
   2.9746731727647098E-003
   2.9746731727647089E-003
   2.9746731727647089E-003
   2.9746731727647089E-003
   2.9746731727647089E-003
   2.9746731727647089E-003
   2.9746731727647089E-003
   2.9746731727647085E-003
   2.9746731727647085E-003
   2.9746731727647085E-003
   2.9746731727647085E-003
   2.9746731727647081E-003
   2.9746731727647072E-003
   2.9746731727647072E-003
   2.9746731727647072E-003
   2.9746731727647072E-003
   2.9746731727647068E-003
   2.9746731727647068E-003
   2.9746731727647068E-003
   2.9746731727647068E-003
   2.9746731727647068E-003
   2.9746731727647055E-003
   2.9746731727647055E-003
   2.9746731727647055E-003
   2.9746731727647055E-003
   2.9746731727647055E-003
   2.9746731727647055E-003
   2.9746731727647055E-003
   2.9746731727647055E-003
   2.9746731727647055E-003
   2.9746731727647055E-003
   2.9746731727647046E-003
   2.9746731727647046E-003
   2.9746731727647046E-003
   2.9746731727647046E-003
   2.9746731727647046E-003
   2.9746731727647055E-003
   2.9746731727647055E-003
   2.9746731727647055E-003
   2.9746731727647055E-003
   2.9746731727647055E-003
   2.9746731727647055E-003
   2.9746731727647055E-003
   2.9746731727647055E-003
   2.9746731727647055E-003
   2.9746731727647055E-003
   2.9746731727647055E-003
   2.9746731727647055E-003
   2.9746731727647055E-003
   2.9746731727647055E-003
   2.9746731727647046E-003
   2.9746731727647046E-003
   2.9746731727647046E-003
   2.9746731727647033E-003
   2.9746731727647033E-003
   2.9746731727647033E-003
   2.9746731727647033E-003
   2.9746731727647029E-003
   2.9746731727647024E-003
   2.9746731727647016E-003
   2.9746731727647016E-003
   2.9746731727647016E-003
   2.9746731727647016E-003
   2.9746731727647003E-003
   2.9746731727646998E-003
   2.9746731727646998E-003
   2.9746731727646998E-003
   2.9746731727646998E-003
   2.9746731727646990E-003
   2.9746731727646990E-003
   2.9746731727646990E-003
   2.9746731727646985E-003
   2.9746731727646977E-003
   2.9746731727646977E-003
   2.9746731727646977E-003
   2.9746731727646977E-003
   2.9746731727646972E-003
   2.9746731727646972E-003
   2.9746731727646959E-003
   2.9746731727646959E-003
   2.9746731727646959E-003
   2.9746731727646959E-003
   2.9746731727646959E-003
   2.9746731727646959E-003
   2.9746731727646959E-003
   2.9746731727646959E-003
   2.9746731727646959E-003
   2.9746731727646955E-003
   2.9746731727646955E-003
   2.9746731727646955E-003
   2.9746731727646955E-003
   2.9746731727646955E-003
   2.9746731727646955E-003
   2.9746731727646955E-003
   2.9746731727646955E-003
   2.9746731727646955E-003
   2.9746731727646955E-003
   2.9746731727646955E-003
   2.9746731727646955E-003
   2.9746731727646942E-003
   2.9746731727646946E-003
   2.9746731727646942E-003
   2.9746731727646942E-003
   2.9746731727646946E-003
   2.9746731727646955E-003
   2.9746731727646955E-003
   2.9746731727646955E-003
   2.9746731727646955E-003
   2.9746731727646959E-003
   2.9746731727646959E-003
   2.9746731727646959E-003
   2.9746731727646959E-003
   2.9746731727646964E-003
   2.9746731727646959E-003
   2.9746731727646959E-003
   2.9746731727646959E-003
   2.9746731727646959E-003
   2.9746731727646959E-003
   2.9746731727646959E-003
   2.9746731727646959E-003
   2.9746731727646959E-003
   2.9746731727646959E-003
   2.9746731727646959E-003
   2.9746731727646959E-003
   2.9746731727646959E-003
   2.9746731727646959E-003
   2.9746731727646964E-003
   2.9746731727646964E-003
   2.9746731727646972E-003
   2.9746731727646972E-003
   2.9746731727646972E-003
   2.9746731727646972E-003
   2.9746731727646972E-003
   2.9746731727646972E-003
   2.9746731727646972E-003
   2.9746731727646972E-003
   2.9746731727646977E-003
   2.9746731727646977E-003
   2.9746731727646977E-003
   2.9746731727646977E-003
   2.9746731727646977E-003
   2.9746731727646977E-003
   2.9746731727646977E-003
   2.9746731727646977E-003
   2.9746731727646990E-003
   2.9746731727646990E-003
   2.9746731727646990E-003
   2.9746731727646990E-003
   2.9746731727646990E-003
   2.9746731727646985E-003
   2.9746731727646985E-003
   2.9746731727646985E-003
   2.9746731727646985E-003
   2.9746731727646977E-003
   2.9746731727646977E-003
   2.9746731727646977E-003
   2.9746731727646977E-003
   2.9746731727646977E-003
   2.9746731727646977E-003
   2.9746731727646977E-003
   2.9746731727646977E-003
   2.9746731727646977E-003
   2.9746731727646977E-003
   2.9746731727646977E-003
   2.9746731727646977E-003
   2.9746731727646977E-003
   2.9746731727646977E-003
   2.9746731727646977E-003
   2.9746731727646977E-003
   2.9746731727646972E-003
   2.9746731727646972E-003
   2.9746731727646972E-003
   2.9746731727646972E-003
   2.9746731727646972E-003
   2.9746731727646972E-003
   2.9746731727646972E-003
   2.9746731727646972E-003
   2.9746731727646977E-003
   2.9746731727646977E-003
   2.9746731727646972E-003
   2.9746731727646972E-003
   2.9746731727646972E-003
   2.9746731727646972E-003
   2.9746731727646972E-003
   2.9746731727646972E-003
   2.9746731727646964E-003
   2.9746731727646972E-003
   2.9746731727646964E-003
   2.9746731727646972E-003
   2.9746731727646972E-003
   2.9746731727646972E-003
   2.9746731727646972E-003
   2.9746731727646972E-003
   2.9746731727646972E-003
   2.9746731727646977E-003
   2.9746731727646977E-003
   2.9746731727646977E-003
   2.9746731727646977E-003
   2.9746731727646990E-003
   2.9746731727646990E-003
   2.9746731727646998E-003
   2.9746731727646998E-003
   2.9746731727647003E-003
   2.9746731727646998E-003
   2.9746731727646998E-003
   2.9746731727646998E-003
   2.9746731727646998E-003
   2.9746731727646990E-003
   2.9746731727646998E-003
   2.9746731727646998E-003
   2.9746731727646998E-003
   2.9746731727646998E-003
   2.9746731727646998E-003
   2.9746731727647011E-003
   2.9746731727647011E-003
   2.9746731727647016E-003
   2.9746731727647011E-003
   2.9746731727647011E-003
   2.9746731727647016E-003
   2.9746731727647016E-003
   2.9746731727647016E-003
   2.9746731727647016E-003
   2.9746731727647024E-003
   2.9746731727647029E-003
   2.9746731727647029E-003
   2.9746731727647029E-003
   2.9746731727647029E-003
   2.9746731727647033E-003
   2.9746731727647033E-003
   2.9746731727647033E-003
   2.9746731727647033E-003
   2.9746731727647033E-003
   2.9746731727647042E-003
   2.9746731727647046E-003
   2.9746731727647042E-003
   2.9746731727647046E-003
   2.9746731727647046E-003
   2.9746731727647042E-003
   2.9746731727647042E-003
   2.9746731727647046E-003
   2.9746731727647046E-003
   2.9746731727647046E-003
   2.9746731727647046E-003
   2.9746731727647046E-003
   2.9746731727647046E-003
   2.9746731727647046E-003
   2.9746731727647046E-003
   2.9746731727647046E-003
   2.9746731727647046E-003
   2.9746731727647046E-003
   2.9746731727647046E-003
   2.9746731727647046E-003
   2.9746731727647055E-003
   2.9746731727647055E-003
   2.9746731727647055E-003
   2.9746731727647055E-003
   2.9746731727647055E-003
   2.9746731727647055E-003
   2.9746731727647055E-003
   2.9746731727647055E-003
   2.9746731727647055E-003
   2.9746731727647055E-003
   2.9746731727647055E-003
   2.9746731727647055E-003
   2.9746731727647068E-003
   2.9746731727647068E-003
   2.9746731727647068E-003
   2.9746731727647068E-003
   2.9746731727647068E-003
   2.9746731727647068E-003
   2.9746731727647068E-003
   2.9746731727647068E-003
   2.9746731727647068E-003
   2.9746731727647068E-003
   2.9746731727647068E-003
   2.9746731727647068E-003
   2.9746731727647068E-003
   2.9746731727647068E-003
   2.9746731727647068E-003
   2.9746731727647068E-003
   2.9746731727647068E-003
   2.9746731727647072E-003
   2.9746731727647072E-003
   2.9746731727647072E-003
   2.9746731727647072E-003
   2.9746731727647072E-003
   2.9746731727647072E-003
   2.9746731727647072E-003
   2.9746731727647072E-003
   2.9746731727647072E-003
   2.9746731727647072E-003
   2.9746731727647072E-003
   2.9746731727647072E-003
   2.9746731727647072E-003
   2.9746731727647072E-003
   2.9746731727647072E-003
   2.9746731727647072E-003
   2.9746731727647072E-003
   2.9746731727647072E-003
   2.9746731727647072E-003
   2.9746731727647072E-003
   2.9746731727647072E-003
   2.9746731727647072E-003
   2.9746731727647072E-003
   2.9746731727647081E-003
   2.9746731727647081E-003
   2.9746731727647081E-003
   2.9746731727647081E-003
   2.9741390616452555E-003
   2.9733783439871118E-003
   2.9726006802458633E-003
   2.9718084159715791E-003
   2.9710040389344487E-003
   2.9701901544671098E-003
   2.9693694596400351E-003
   2.9685447164194711E-003
   2.9677187247485076E-003
   2.9668942948989059E-003
   2.9660742199276867E-003
   2.9652612484718597E-003
   2.9644580581506290E-003
   2.9636672298624426E-003
   2.9628912232531912E-003
   2.9621323536166166E-003
   2.9613927704541612E-003
   2.9606744377961638E-003
   2.9599791164481551E-003
   2.9593083495162353E-003
   2.9586634497235174E-003
   2.9580454890381050E-003
   2.9574552908347091E-003
   2.9568934246118617E-003
   2.9563602032497346E-003
   2.9558556827582855E-003
   2.9553796644338493E-003
   2.9549316993161905E-003
   2.9545110948180973E-003
   2.9541169233856988E-003
   2.9537480330611779E-003
   2.9534030598026549E-003
   2.9530804414418313E-003
   2.9527784331787308E-003
   2.9524951245241274E-003
   2.9522284576136461E-003
   2.9519762468212486E-003
   2.9517361995927481E-003
   2.9515059384007270E-003
   2.9512830241945932E-003
   2.9510649850984726E-003
   2.9508493292456127E-003
   2.9506335724709867E-003
   2.9504152666579770E-003
   2.9501920239522047E-003
   2.9499615331212265E-003
   2.9497215953330786E-003
   2.9494701445542445E-003
   2.9492052650836147E-003
   2.9489252098399490E-003
   2.9486284163988902E-003
   2.9483135067190649E-003
   2.9479793083823686E-003
   2.9476248896494217E-003
   2.9472495419567038E-003
   2.9468527815541008E-003
   2.9464343492765395E-003
   2.9459942078028825E-003
   2.9455325366372557E-003
   2.9450497250933009E-003
   2.9445463632877499E-003
   2.9440232301469931E-003
   2.9434812871825451E-003
   2.9429216642486728E-003
   2.9423456461747204E-003
   2.9417546596222800E-003
   2.9411502595205088E-003
   2.9405341151145978E-003
   2.9399079956239048E-003
   2.9392737554867149E-003
   2.9386333191333486E-003
   2.9379886652567493E-003
   2.9373418105709697E-003
   2.9366947930681304E-003
   2.9360496548131547E-003
   2.9354084243573770E-003
   2.9347730988802776E-003
   2.9341456262235487E-003
   2.9335278870050120E-003
   2.9329216770422289E-003
   2.9323286903172852E-003
   2.9317505023913511E-003
   2.9311885535288776E-003
   2.9306441373257949E-003
   2.9301183888776295E-003
   2.9296122722543352E-003
   2.9291265712201352E-003
   2.9286618818155849E-003
   2.9282186066893795E-003
   2.9277969452267912E-003
   2.9273968991113887E-003
   2.9270182794821232E-003
   2.9266607005776217E-003
   2.9263235846733538E-003
   2.9260061711511537E-003
   2.9257075231654520E-003
   2.9254265375510775E-003
   2.9251619563198210E-003
   2.9249123795725223E-003
   2.9246762796729078E-003
   2.9244520165257687E-003
   2.9242378538014905E-003
   2.9240319759500128E-003
   2.9238325058484672E-003
   2.9236375227854497E-003
   2.9234450801968416E-003
   2.9232532267243019E-003
   2.9230600234182568E-003
   2.9228635605784196E-003
   2.9226619773066640E-003
   2.9224534790085726E-003
   2.9222363541741292E-003
   2.9220089902720248E-003
   2.9217698885965807E-003
   2.9215176788615843E-003
   2.9212511338220603E-003
   2.9209691728066681E-003
   2.9206708677071078E-003
   2.9203554608924270E-003
   2.9200223709576444E-003
   2.9196711928125589E-003
   2.9193016992815506E-003
   2.9189138406227671E-003
   2.9185077419304505E-003
   2.9180836983921962E-003
   2.9176421681727993E-003
   2.9171837634729947E-003
   2.9167092398123353E-003
   2.9162194836195024E-003
   2.9157154985626301E-003
   2.9151983905470369E-003
   2.9146693519345188E-003
   2.9141296453870412E-003
   2.9135805876493595E-003
   2.9130235334915819E-003
   2.9124598607923129E-003
   2.9118909570538896E-003
   2.9113182074262311E-003
   2.9107429843685424E-003
   2.9101666389528573E-003
   2.9095904933672686E-003
   2.9090158365705954E-003
   2.9084439198742858E-003
   2.9078759538166969E-003
   2.9073131061663486E-003
   2.9067565006132548E-003
   2.9061803030773800E-003
   2.9056127409814985E-003
   2.9050562894896467E-003
   2.9045118566177635E-003
   2.9039802895739304E-003
   2.9034623766864259E-003
   2.9029588491495712E-003
   2.9024703825469133E-003
   2.9019975981443222E-003
   2.9015410640061516E-003
   2.9011012960669076E-003
   2.9006787589820698E-003
   2.9002738667987457E-003
   2.8998869835973606E-003
   2.8995184241273624E-003
   2.8991684546212921E-003
   2.8988372932639041E-003
   2.8985251109496578E-003
   2.8982320290517356E-003
   2.8979580966469825E-003
   2.8977033480610515E-003
   2.8974677796131218E-003
   2.8972513442155679E-003
   2.8970539519190455E-003
   2.8968754729103213E-003
   2.8967157364616618E-003
   2.8965745005514348E-003
   2.8964514972659020E-003
   2.8963464072763226E-003
   2.8962587774189370E-003
   2.8961881899817210E-003
   2.8961341917206037E-003
   2.8960962848659897E-003
   2.8960739274759510E-003
   2.8960665342159337E-003
   2.8960734782726353E-003
   2.8960941007454880E-003
   2.8961277735295096E-003
   2.8961737737523640E-003
   2.8962313365233469E-003
   2.8962996661922248E-003
   2.8963779382544133E-003
   2.8964653009566563E-003
   2.8965608764579256E-003
   2.8966637619456713E-003
   2.8967730314472841E-003
   2.8968877368362568E-003
   2.8969938506421878E-003
   2.8970898622195625E-003
   2.8971877813007865E-003
   2.8972866864652815E-003
   2.8973856416129535E-003
   2.8974836973262768E-003
   2.8975798929203374E-003
   2.8976732593422832E-003
   2.8977628229733127E-003
   2.8978476102734588E-003
   2.8979266531471283E-003
   2.8979989949155416E-003
   2.8980636979400497E-003
   2.8981198514135094E-003
   2.8981664837599845E-003
   2.8982026689452866E-003
   2.8982276043711115E-003
   2.8982403003565953E-003
   2.8982399141439389E-003
   2.8982258562823453E-003
   2.8981975624428175E-003
   2.8981545317984859E-003
   2.8980963312698724E-003
   2.8980224060272787E-003
   2.8979323097891854E-003
   2.8978257878378554E-003
   2.8977026735874370E-003
   2.8975628937145982E-003
   2.8974064737304511E-003
   2.8972335439457742E-003
   2.8970443457018847E-003
   2.8968392376457165E-003
   2.8966187017216245E-003
   2.8963833484563902E-003
   2.8961339210324798E-003
   2.8958712975953407E-003
   2.8955964912380462E-003
   2.8953106471622950E-003
   2.8950150366336253E-003
   2.8947110475264215E-003
   2.8943599582283348E-003
   2.8939895223423096E-003
   2.8936142159079904E-003
   2.8932360641524416E-003
   2.8928571264437400E-003
   2.8924794713502864E-003
   2.8921051517703548E-003
   2.8917361816376678E-003
   2.8913745158797061E-003
   2.8910220323535964E-003
   2.8906805124028529E-003
   2.8903516312787318E-003
   2.8900369487977222E-003
   2.8897379011861434E-003
   2.8894557964958489E-003
   2.8891918145105412E-003
   2.8889470073994081E-003
   2.8887223001917710E-003
   2.8885184913588343E-003
   2.8883362532900270E-003
   2.8881761326630846E-003
   2.8880385500538262E-003
   2.8879237805843564E-003
   2.8878319645877031E-003
   2.8877631335878862E-003
   2.8877171912402039E-003
   2.8876939103271129E-003
   2.8876929314925136E-003
   2.8877137620000955E-003
   2.8877557854799052E-003
   2.8878182507227155E-003
   2.8879002289247924E-003
   2.8880006953085117E-003
   2.8881185038312621E-003
   2.8882523860508176E-003
   2.8884009541018368E-003
   2.8885627033205519E-003
   2.8887360140599995E-003
   2.8889191523453935E-003
   2.8891102691768031E-003
   2.8893073986302632E-003
   2.8895084552179318E-003
   2.8897105328421287E-003
   2.8899100950416116E-003
   2.8901043852478086E-003
   2.8902907366864308E-003
   2.8904665462284990E-003
   2.8906293426790995E-003
   2.8907768651035824E-003
   2.8909071212736485E-003
   2.8910184121136778E-003
   2.8911093181852691E-003
   2.8911786585326523E-003
   2.8912254569472581E-003
   2.8912489100135501E-003
   2.8912483450616029E-003
   2.8912249783250763E-003
   2.8911805488377996E-003
   2.8911151077371674E-003
   2.8910279447854491E-003
   2.8909182829724984E-003
   2.8907884046323333E-003
   2.8906437375790161E-003
   2.8904849945874007E-003
   2.8903124259772525E-003
   2.8901266568029447E-003
   2.8899282785934629E-003
   2.8897172209973493E-003
   2.8894933408893154E-003
   2.8892563902464304E-003
   2.8890059700236951E-003
   2.8887414950704796E-003
   2.8884621962154320E-003
   2.8881671988488498E-003
   2.8878557167830664E-003
   2.8875269236936191E-003
   2.8871805276826394E-003
   2.8868204808170776E-003
   2.8864490334162408E-003
   2.8860669682622725E-003
   2.8856750683502758E-003
   2.8852763415356903E-003
   2.8848736476152523E-003
   2.8844694922059507E-003
   2.8840659884489498E-003
   2.8836648687509858E-003
   2.8832675240246710E-003
   2.8828750539065915E-003
   2.8824883170248013E-003
   2.8821079758952865E-003
   2.8817345344470907E-003
   2.8813683681594275E-003
   2.8810097477058594E-003
   2.8806588572991248E-003
   2.8803158089114466E-003
   2.8799806533893984E-003
   2.8796533893685351E-003
   2.8793339704305848E-003
   2.8790223110086561E-003
   2.8787182916740765E-003
   2.8784217637917056E-003
   2.8781325537878960E-003
   2.8778504671561687E-003
   2.8755008180144132E-003
   2.8687299760998845E-003
   2.8620064974736472E-003
   2.8553590120917781E-003
   2.8488152439700301E-003
   2.8424017486571862E-003
   2.8361438157142194E-003
   2.8300663875723024E-003
   2.8241922923613744E-003
   2.8185426671557506E-003
   2.8131369127368023E-003
   2.8077705883481556E-003
   2.8023659440862391E-003
   2.7973151371599118E-003
   2.7926316533317353E-003
   2.7883220843761295E-003
   2.7843846408063741E-003
   2.7808088599389140E-003
   2.7775768172580819E-003
   2.7746657145921727E-003
   2.7720513222666619E-003
   2.7696593573986522E-003
   2.7674889378689112E-003
   2.7656274690152959E-003
   2.7640615549796056E-003
   2.7627772832540510E-003
   2.7616168650421487E-003
   2.7606317061252459E-003
   2.7596856956680440E-003
   2.7585635144624586E-003
   2.7575596465501343E-003
   2.7566618798700346E-003
   2.7558505307583676E-003
   2.7551035440871907E-003
   2.7541325445176327E-003
   2.7531728002697714E-003
   2.7522692804783024E-003
   2.7514028089759548E-003
   2.7505506269577826E-003
   2.7496891062395138E-003
   2.7487939518872832E-003
   2.7478236685476208E-003
   2.7466574109143850E-003
   2.7454549363236398E-003
   2.7441983263995122E-003
   2.7428709152115655E-003
   2.7414498588127227E-003
   2.7395775630647363E-003
   2.7373533917733265E-003
   2.7349539399237179E-003
   2.7324196552608129E-003
   2.7297911554844531E-003
   2.7271037124981016E-003
   2.7243952949322602E-003
   2.7217065278177422E-003
   2.7190940573708971E-003
   2.7165644819961620E-003
   2.7141234847155864E-003
   2.7117834837112058E-003
   2.7095682597540450E-003
   2.7075151905489921E-003
   2.7056661810986571E-003
   2.7040445769402773E-003
   2.7026366418657099E-003
   2.7013067555366971E-003
   2.7000402804996143E-003
   2.6988814609790663E-003
   2.6978230451887930E-003
   2.6968561225650636E-003
   2.6959463748609954E-003
   2.6950871575941618E-003
   2.6942771222959040E-003
   2.6935150665269073E-003
   2.6927990225927706E-003
   2.6921273899517288E-003
   2.6915018005971040E-003
   2.6909219283151476E-003
   2.6903898296211722E-003
   2.6898636780505148E-003
   2.6893383636540928E-003
   2.6889072073578921E-003
   2.6885550452485688E-003
   2.6882590809780837E-003
   2.6879942670913950E-003
   2.6877386382075335E-003
   2.6874878478507793E-003
   2.6872388449998359E-003
   2.6869893356744430E-003
   2.6867376652391856E-003
   2.6864827267403107E-003
   2.6862238854452017E-003
   2.6859609136227905E-003
   2.6856939321398873E-003
   2.6854233574822128E-003
   2.6851498541891278E-003
   2.6848742932232658E-003
   2.6845977165879656E-003
   2.6843213079250222E-003
   2.6840463682962167E-003
   2.6837742960726494E-003
   2.6835065698789864E-003
   2.6832447357208605E-003
   2.6829908934949127E-003
   2.6827453037520854E-003
   2.6825074202875602E-003
   2.6822770719694255E-003
   2.6820548403319149E-003
   2.6818418569585800E-003
   2.6816394283674834E-003
   2.6814488272862758E-003
   2.6812698784911410E-003
   2.6811038805772324E-003
   2.6809523580351817E-003
   2.6808168153833723E-003
   2.6806986808696068E-003
   2.6805995864530212E-003
   2.6805223911853982E-003
   2.6804671530826583E-003
   2.6804331375051837E-003
   2.6804208723273581E-003
   2.6804243704758850E-003
   2.6804305096092005E-003
   2.6804211175477290E-003
   2.6804288478595056E-003
   2.6804555321863991E-003
   2.6805027462026882E-003
   2.6805716877980994E-003
   2.6806634242421096E-003
   2.6807791871262029E-003
   2.6809201526345819E-003
   2.6810874298131481E-003
   2.6812820532705647E-003
   2.6815049754748367E-003
   2.6817570587630928E-003
   2.6819893616087595E-003
   2.6822388699666577E-003
   2.6825145199195115E-003
   2.6828167785729645E-003
   2.6831464503730305E-003
   2.6835052191423155E-003
   2.6838940291937638E-003
   2.6843136743399240E-003
   2.6847645018247459E-003
   2.6852466084004612E-003
   2.6857602815437203E-003
   2.6863057544074839E-003
   2.6868841823575926E-003
   2.6874951510304701E-003
   2.6881379945267510E-003
   2.6888120961105644E-003
   2.6895183420090388E-003
   2.6902587052686248E-003
   2.6910320668183346E-003
   2.6918368302158309E-003
   2.6926711473549817E-003
   2.6935329500316742E-003
   2.6944200790779090E-003
   2.6953303401298302E-003
   2.6962618504997636E-003
   2.6972139171190157E-003
   2.6981838329990099E-003
   2.6991690376045319E-003
   2.7001672052620602E-003
   2.7011761841599104E-003
   2.7021939766241976E-003
   2.7032187382847123E-003
   2.7042487863015844E-003
   2.7052826118230582E-003
   2.7063189143024594E-003
   2.7073566520225464E-003
   2.7083950660907953E-003
   2.7094335791548519E-003
   2.7104718147283138E-003
   2.7115096254754388E-003
   2.7125471115243575E-003
   2.7135846289020023E-003
   2.7146227950009482E-003
   2.7156624749950196E-003
   2.7167047782453470E-003
   2.7177510535346771E-003
   2.7188028791403029E-003
   2.7198620469703213E-003
   2.7209305378181532E-003
   2.7220104982272090E-003
   2.7231042301834947E-003
   2.7242141727766237E-003
   2.7253428821053726E-003
   2.7264930104492673E-003
   2.7276672828752896E-003
   2.7288684708868874E-003
   2.7300993604693962E-003
   2.7313627200633507E-003
   2.7326612670996401E-003
   2.7339976627266276E-003
   2.7353744767768563E-003
   2.7367941585872348E-003
   2.7382590098633630E-003
   2.7397711593819705E-003
   2.7413325395350316E-003
   2.7429448648063921E-003
   2.7446096123085605E-003
   2.7463280045071752E-003
   2.7481009938966580E-003
   2.7499292483949543E-003
   2.7518131413898318E-003
   2.7537527455700939E-003
   2.7557478293929690E-003
   2.7577978560717115E-003
   2.7599019850782455E-003
   2.7620590763270075E-003
   2.7642676970556961E-003
   2.7665261314796762E-003
   2.7688323928215194E-003
   2.7711842383911015E-003
   2.7735791861005937E-003
   2.7760145332368243E-003
   2.7784873771167220E-003
   2.7809946375061518E-003
   2.7835330806264798E-003
   2.7860993451061023E-003
   2.7886899693386103E-003
   2.7913014196874245E-003
   2.7939301191338565E-003
   2.7965724763335275E-003
   2.7992249148472890E-003
   2.8018839022252301E-003
   2.8045459791874272E-003
   2.8072077880838433E-003
   2.8098661004196672E-003
   2.8125178429014405E-003
   2.8151601224673554E-003
   2.8177902498719549E-003
   2.8204057617262075E-003
   2.8230044408564738E-003
   2.8255843348628288E-003
   2.8281437731941250E-003
   2.8276990476683367E-003
   2.8230865411403654E-003
   2.8184065453880666E-003
   2.8136729605021536E-003
   2.8089007212189990E-003
   2.8041053649036866E-003
   2.7993027923797838E-003
   2.7945090466351499E-003
   2.7897400947125080E-003
   2.7850116229411097E-003
   2.7803389080655401E-003
   2.7757369267348642E-003
   2.7712198964848791E-003
   2.7668010355719501E-003
   2.7624925070425512E-003
   2.7583049790839286E-003
   2.7542475971473503E-003
   2.7502196183261771E-003
   2.7460837234895125E-003
   2.7421398682752674E-003
   2.7383957511252295E-003
   2.7348573301183903E-003
   2.7315295116176791E-003
   2.7284145959061844E-003
   2.7255121250471695E-003
   2.7228187386927252E-003
   2.7203283577779160E-003
   2.7180329515562804E-003
   2.7159244883046239E-003
   2.7139933563577359E-003
   2.7122288850255929E-003
   2.7106241283090279E-003
   2.7091686910639366E-003
   2.7078500298268627E-003
   2.7066553746202151E-003
   2.7055724824716432E-003
   2.7045942153782775E-003
   2.7037100629053270E-003
   2.7026644229385666E-003
   2.7016792496323632E-003
   2.7007479553658557E-003
   2.6998576590883342E-003
   2.6989386059040853E-003
   2.6978422515854267E-003
   2.6967736822474690E-003
   2.6957175112637746E-003
   2.6946562355864806E-003
   2.6935697339109731E-003
   2.6924395683411866E-003
   2.6912517450097401E-003
   2.6900244762589009E-003
   2.6887603107725914E-003
   2.6874564039388745E-003
   2.6861135231103514E-003
   2.6847365844972233E-003
   2.6833452192206756E-003
   2.6819766290864344E-003
   2.6806335685212782E-003
   2.6793171493088943E-003
   2.6780289553657022E-003
   2.6767642160792620E-003
   2.6754308370011506E-003
   2.6741453460297879E-003
   2.6729163680955289E-003
   2.6717543873317458E-003
   2.6706701984553012E-003
   2.6696664645196339E-003
   2.6687229178640691E-003
   2.6678354568992558E-003
   2.6670098671010903E-003
   2.6662519864593306E-003
   2.6655305735472034E-003
   2.6647780798442523E-003
   2.6640750624483266E-003
   2.6634209856711945E-003
   2.6628150253834078E-003
   2.6622563187910673E-003
   2.6617443437856789E-003
   2.6612792186656402E-003
   2.6608568618141561E-003
   2.6604772092426558E-003
   2.6601448739232577E-003
   2.6598594422192561E-003
   2.6596132300266803E-003
   2.6594038781717088E-003
   2.6592247028986832E-003
   2.6590480964105833E-003
   2.6589012894862019E-003
   2.6587821886657225E-003
   2.6586888631851156E-003
   2.6586195374975565E-003
   2.6585718123263644E-003
   2.6585358063729941E-003
   2.6585073326554809E-003
   2.6584861766209699E-003
   2.6584722084527120E-003
   2.6584659378769810E-003
   2.6584675422754540E-003
   2.6584768652719681E-003
   2.6584938735251190E-003
   2.6585186196780709E-003
   2.6585464616877925E-003
   2.6585596119284437E-003
   2.6585774278958781E-003
   2.6586010022830900E-003
   2.6586312246148361E-003
   2.6586688437830620E-003
   2.6587145006872438E-003
   2.6587687479218544E-003
   2.6588320639960843E-003
   2.6589048654495490E-003
   2.6589875196094048E-003
   2.6590803464586893E-003
   2.6591836201841448E-003
   2.6592975444052190E-003
   2.6594221762544020E-003
   2.6595576507989060E-003
   2.6597042055323751E-003
   2.6598511506208070E-003
   2.6599975304195402E-003
   2.6601437024761821E-003
   2.6602836839869763E-003
   2.6604326332748721E-003
   2.6605906626092808E-003
   2.6607575012296994E-003
   2.6609331728140581E-003
   2.6611178706640332E-003
   2.6613117601329370E-003
   2.6615152861663226E-003
   2.6617289772914781E-003
   2.6619534281191156E-003
   2.6621892849436374E-003
   2.6624372420773331E-003
   2.6626991201478380E-003
   2.6629783019677597E-003
   2.6632764948440633E-003
   2.6635953462422106E-003
   2.6639364975979624E-003
   2.6643015240880325E-003
   2.6646918891627064E-003
   2.6651089146110985E-003
   2.6655537475463310E-003
   2.6660273049084453E-003
   2.6665304349534260E-003
   2.6670666825042546E-003
   2.6676361994922974E-003
   2.6682382182765521E-003
   2.6688729446490236E-003
   2.6695413991934345E-003
   2.6702476797508144E-003
   2.6709929677223186E-003
   2.6717778475484209E-003
   2.6726027526913186E-003
   2.6734678851997175E-003
   2.6743733507418829E-003
   2.6753197713623644E-003
   2.6763079647432542E-003
   2.6773372690488051E-003
   2.6784070922524681E-003
   2.6795168816299438E-003
   2.6806660592171932E-003
   2.6818539890121396E-003
   2.6830799596001919E-003
   2.6843431752634496E-003
   2.6856427704335115E-003
   2.6869778375814505E-003
   2.6883474123893126E-003
   2.6897503891843465E-003
   2.6911855539465241E-003
   2.6926516086431761E-003
   2.6941471987893834E-003
   2.6956709283950152E-003
   2.6972213607371442E-003
   2.6987970401238736E-003
   2.7003965252053131E-003
   2.7020183922911640E-003
   2.7036612431558635E-003
   2.7053237118062120E-003
   2.7070044639818185E-003
   2.7087021977797573E-003
   2.7104156624639074E-003
   2.7121436745692219E-003
   2.7138851329332660E-003
   2.7156390321815631E-003
   2.7174044746814804E-003
   2.7191806823911864E-003
   2.7209670015060990E-003
   2.7227629042647439E-003
   2.7245679720026435E-003
   2.7263819416666374E-003
   2.7282046940209038E-003
   2.7300362462050962E-003
   2.7318767460700198E-003
   2.7337264667452068E-003
   2.7355858007622022E-003
   2.7374552529709590E-003
   2.7393354341080367E-003
   2.7412270544727975E-003
   2.7431309159915329E-003
   2.7450479025042502E-003
   2.7469789694518185E-003
   2.7489251333921013E-003
   2.7508874599476985E-003
   2.7528670502536862E-003
   2.7548650272478281E-003
   2.7568825218368060E-003
   2.7589206590600823E-003
   2.7609805445904887E-003
   2.7630632524047200E-003
   2.7651698121650805E-003
   2.7673011968924396E-003
   2.7694583110977038E-003
   2.7716419794954288E-003
   2.7738529364738284E-003
   2.7760918166547534E-003
   2.7783591462777969E-003
   2.7806553363855574E-003
   2.7829806767323711E-003
   2.7853353304850264E-003
   2.7877193305844965E-003
   2.7901325775772038E-003
   2.7925748387625706E-003
   2.7950457486198097E-003
   2.7975448105328608E-003
   2.8000713994755376E-003
   2.8026247656437971E-003
   2.8052040389854364E-003
   2.8078082345999577E-003
   2.8104362589827262E-003
   2.8130869170775973E-003
   2.8157589200583939E-003
   2.8184508937967620E-003
   2.8211613879818476E-003
   2.8238888858472394E-003
   2.8266318144364445E-003
   2.8293885553368004E-003
   2.8321574558132388E-003
   2.8349368402828621E-003
   2.8377250220637147E-003
   2.8405203153574693E-003
   2.8433210474258300E-003
   2.8461255708704517E-003
   2.8489322760823126E-003
   2.8517396039529439E-003
   2.8545460589375691E-003
   2.8573502223776699E-003
   2.8601507658170791E-003
   2.8629464642896509E-003
   2.8657362091007218E-003
   2.8685190195826419E-003
   2.8712940533957032E-003
   2.8731993319511735E-003
   2.8733099402649645E-003
   2.8734207251163851E-003
   2.8735253634042555E-003
   2.8736206330151580E-003
   2.8737164223455540E-003
   2.8738133130717866E-003
   2.8739117978465122E-003
   2.8740120873468953E-003
   2.8741143539638674E-003
   2.8742196059539289E-003
   2.8743284490328445E-003
   2.8744411248690467E-003
   2.8745575926658533E-003
   2.8746776725617957E-003
   2.8748012840068672E-003
   2.8749284004328198E-003
   2.8750590227088991E-003
   2.8751931616715905E-003
   2.8753308054794203E-003
   2.8754717641174933E-003
   2.8756160180515339E-003
   2.8757635354495167E-003
   2.8759142320539080E-003
   2.8760679806042098E-003
   2.8762246190128082E-003
   2.8763839590804571E-003
   2.8765457922003954E-003
   2.8767097935232257E-003
   2.8768758942989267E-003
   2.8770439507156487E-003
   2.8772137803655903E-003
   2.8773851736668037E-003
   2.8775578999231228E-003
   2.8777317104039285E-003
   2.8779063400216015E-003
   2.8780815085279396E-003
   2.8782569216973951E-003
   2.8784322726910058E-003
   2.8786072436450027E-003
   2.8787815079350833E-003
   2.8789547292447462E-003
   2.8791265161226898E-003
   2.8792965037910973E-003
   2.8794643628541504E-003
   2.8796297711526572E-003
   2.8797924154931797E-003
   2.8799519934267310E-003
   2.8801082149761529E-003
   2.8802607910605646E-003
   2.8804092437205524E-003
   2.8805534975062819E-003
   2.8806934378906939E-003
   2.8808289275841707E-003
   2.8809598214290205E-003
   2.8810859750305804E-003
   2.8812072498788795E-003
   2.8811613202187874E-003
   2.8800896919989739E-003
   2.8790377316036610E-003
   2.8780068114202008E-003
   2.8769983722753086E-003
   2.8760139276320261E-003
   2.8750550834286928E-003
   2.8741235371395973E-003
   2.8732210101717151E-003
   2.8723490643897129E-003
   2.8715107537715763E-003
   2.8707095688939857E-003
   2.8699448292148770E-003
   2.8692148830588749E-003
   2.8685176579038929E-003
   2.8678510698123328E-003
   2.8672142406762605E-003
   2.8666040693017579E-003
   2.8660139478458770E-003
   2.8654390848451019E-003
   2.8648806441546912E-003
   2.8643461189149810E-003
   2.8638394227366408E-003
   2.8633564323045434E-003
   2.8628946184189861E-003
   2.8624524334457157E-003
   2.8620289125290948E-003
   2.8616232400969347E-003
   2.8612324926800751E-003
   2.8608351854912443E-003
   2.8604238794219445E-003
   2.8600323411223289E-003
   2.8596602883663317E-003
   2.8593074822383289E-003
   2.8589739333265618E-003
   2.8586593115666422E-003
   2.8583631395832790E-003
   2.8580847194526020E-003
   2.8578229388895489E-003
   2.8575746956947617E-003
   2.8573362635527042E-003
   2.8571042262779912E-003
   2.8568757255168771E-003
   2.8566485526576517E-003
   2.8564208518637342E-003
   2.8561917808162230E-003
   2.8559609342486232E-003
   2.8557282169709053E-003
   2.8554937664684640E-003
   2.8552509982147029E-003
   2.8549969521787012E-003
   2.8547429904713065E-003
   2.8544897826631895E-003
   2.8542365589741860E-003
   2.8539839273765679E-003
   2.8537329318396236E-003
   2.8534845588565842E-003
   2.8532397514114162E-003
   2.8529994165275600E-003
   2.8527644287902163E-003
   2.8525356313915638E-003
   2.8523138356581676E-003
   2.8520998197243811E-003
   2.8518943268457130E-003
   2.8516980637707874E-003
   2.8514945690013269E-003
   2.8512969681190772E-003
   2.8511054867657454E-003
   2.8509194738549183E-003
   2.8507392485005623E-003
   2.8505652051306106E-003
   2.8503977962930512E-003
   2.8502375154817127E-003
   2.8500843003471839E-003
   2.8499255490808269E-003
   2.8497759613428969E-003
   2.8496364422566740E-003
   2.8494970930138569E-003
   2.8493657258963365E-003
   2.8492445594206313E-003
   2.8491330252258052E-003
   2.8490315593861669E-003
   2.8489405770871358E-003
   2.8488604551585263E-003
   2.8487914299304656E-003
   2.8487335896561104E-003
   2.8486869569455480E-003
   2.8486514796811436E-003
   2.8486270898113136E-003
   2.8486132181638774E-003
   2.8486085290870523E-003
   2.8486128654391491E-003
   2.8486260560028980E-003
   2.8486477401753110E-003
   2.8486773945611962E-003
   2.8487073192693850E-003
   2.8487332927285345E-003
   2.8487654966130446E-003
   2.8488042890815047E-003
   2.8488497569122365E-003
   2.8489020163582810E-003
   2.8489612035961886E-003
   2.8490274553706145E-003
   2.8491008932551012E-003
   2.8491816098861708E-003
   2.8492696549747838E-003
   2.8493650201983625E-003
   2.8494676217453098E-003
   2.8495772754956262E-003
   2.8496937213606500E-003
   2.8498179782799776E-003
   2.8499510050810392E-003
   2.8500933547444410E-003
   2.8502454273023115E-003
   2.8504073871222246E-003
   2.8505796479894661E-003
   2.8507624338327381E-003
   2.8509558344423742E-003
   2.8511602384609113E-003
   2.8513789011680732E-003
   2.8516116510819492E-003
   2.8518579514850693E-003
   2.8521172919425877E-003
   2.8523891935140488E-003
   2.8526731858707806E-003
   2.8529688140534202E-003
   2.8532756403610990E-003
   2.8535932419836612E-003
   2.8539212233769573E-003
   2.8542599491339486E-003
   2.8546094178781918E-003
   2.8549689710122119E-003
   2.8553380601389062E-003
   2.8557162118240859E-003
   2.8561030076643032E-003
   2.8564980727457672E-003
   2.8569010689119476E-003
   2.8573116913457970E-003
   2.8577296664102111E-003
   2.8581547480843292E-003
   2.8585867183370949E-003
   2.8590253861566807E-003
   2.8594705861729199E-003
   2.8599222063829823E-003
   2.8603802479431634E-003
   2.8608447862759449E-003
   2.8613158714159734E-003
   2.8617935465735525E-003
   2.8622778600635285E-003
   2.8627688729717066E-003
   2.8632666749038942E-003
   2.8637713401718791E-003
   2.8642829426083981E-003
   2.8648015599190410E-003
   2.8653272749868150E-003
   2.8658601796871289E-003
   2.8664003780923398E-003
   2.8669479902481386E-003
   2.8675031131374729E-003
   2.8680658261274008E-003
   2.8686361920748056E-003
   2.8692142587821378E-003
   2.8698000582624895E-003
   2.8703936061335402E-003
   2.8709949009177687E-003
   2.8716039233777431E-003
   2.8722206358232569E-003
   2.8728449812995887E-003
   2.8734768829554169E-003
   2.8741162448534048E-003
   2.8747629525975242E-003
   2.8754168734803861E-003
   2.8760778569184536E-003
   2.8767457327350198E-003
   2.8774203109183847E-003
   2.8781013801225195E-003
   2.8787887051808549E-003
   2.8794820249566535E-003
   2.8801810510952698E-003
   2.8808854660966844E-003
   2.8815949225669958E-003
   2.8823090447188679E-003
   2.8830274314555872E-003
   2.8837496599749025E-003
   2.8844752889682131E-003
   2.8852038619277607E-003
   2.8859349118105716E-003
   2.8866679667034294E-003
   2.8874025561140887E-003
   2.8881382176316299E-003
   2.8888745036356471E-003
   2.8896109876685267E-003
   2.8903472699873616E-003
   2.8910829792799814E-003
   2.8918177732638016E-003
   2.8925513385926857E-003
   2.8932833902423462E-003
   2.8935867334102133E-003
   2.8938370696817168E-003
   2.8940713731031736E-003
   2.8942898091042554E-003
   2.8944926177162903E-003
   2.8946801093757395E-003
   2.8948526602248711E-003
   2.8950107069802959E-003
   2.8951547414247190E-003
   2.8952853045828963E-003
   2.8954029806228113E-003
   2.8955083903558759E-003
   2.8956021852927800E-003
   2.8956850411665184E-003
   2.8957576513775037E-003
   2.8958207206491531E-003
   2.8958749588229400E-003
   2.8959210748520500E-003
   2.8959597710493711E-003
   2.8959917376413834E-003
   2.8960176476750892E-003
   2.8960381523203535E-003
   2.8960538766050203E-003
   2.8960654156149177E-003
   2.8956816645174851E-003
   2.8941578713230871E-003
   2.8926235413663723E-003
   2.8910802091973828E-003
   2.8895300715209055E-003
   2.8879761764893860E-003
   2.8864217200270537E-003
   2.8848696606338558E-003
   2.8833226053985475E-003
   2.8817831598915594E-003
   2.8802541235479501E-003
   2.8787371326902816E-003
   2.8772334377749464E-003
   2.8757440226446513E-003
   2.8742696481108931E-003
   2.8728108879215990E-003
   2.8713681910116124E-003
   2.8699426753444899E-003
   2.8685357762626472E-003
   2.8671485417793244E-003
   2.8657820974308627E-003
   2.8644377033171732E-003
   2.8631168178389356E-003
   2.8618210784732796E-003
   2.8605523215642034E-003
   2.8593139548820142E-003
   2.8581082278717608E-003
   2.8569367872931166E-003
   2.8558012275419196E-003
   2.8547031134337039E-003
   2.8536440471372700E-003
   2.8526257492219650E-003
   2.8516500994639725E-003
   2.8507190901507292E-003
   2.8498367811204336E-003
   2.8490070629118608E-003
   2.8482305007854866E-003
   2.8475056958030386E-003
   2.8468298169142545E-003
   2.8461988268093539E-003
   2.8456099765381930E-003
   2.8450581821400241E-003
   2.8445390856392748E-003
   2.8440489314568006E-003
   2.8435822229181903E-003
   2.8431395002433213E-003
   2.8427182425825380E-003
   2.8423190709026816E-003
   2.8419421018517715E-003
   2.8415860870451607E-003
   2.8412495882492307E-003
   2.8409316152487002E-003
   2.8406282991809044E-003
   2.8403350035018974E-003
   2.8400188925687951E-003
   2.8397216328099528E-003
   2.8394419144988012E-003
   2.8391786873295066E-003
   2.8389315250009154E-003
   2.8387001995989845E-003
   2.8384778509549344E-003
   2.8382644347043980E-003
   2.8380604794524646E-003
   2.8378651276810005E-003
   2.8376766570651748E-003
   2.8374937065093484E-003
   2.8373137064194695E-003
   2.8371343511445122E-003
   2.8369541416364700E-003
   2.8367722504680113E-003
   2.8365790846052005E-003
   2.8363811376234806E-003
   2.8361806599245983E-003
   2.8359777686184136E-003
   2.8357736851121456E-003
   2.8355695635313310E-003
   2.8353665092375477E-003
   2.8351655891450923E-003
   2.8349678371153105E-003
   2.8347742564096509E-003
   2.8345828068795801E-003
   2.8343791147939796E-003
   2.8341819322022380E-003
   2.8339922147142729E-003
   2.8338108887169962E-003
   2.8336383279867006E-003
   2.8334702271025297E-003
   2.8333062042353130E-003
   2.8331466207488286E-003
   2.8329919270394686E-003
   2.8328426427777658E-003
   2.8326998521861920E-003
   2.8325654429192902E-003
   2.8324399271561634E-003
   2.8323093648178334E-003
   2.8321871824055576E-003
   2.8320731813632465E-003
   2.8319679078994031E-003
   2.8318663872734409E-003
   2.8317727957461341E-003
   2.8316893366461351E-003
   2.8316162636462124E-003
   2.8315537755573255E-003
   2.8315019730170824E-003
   2.8314605173870165E-003
   2.8314284662637624E-003
   2.8314057101470696E-003
   2.8313925293885402E-003
   2.8313890981361456E-003
   2.8313954732716341E-003
   2.8314111208964194E-003
   2.8314350703995514E-003
   2.8314670115916199E-003
   2.8315068355216160E-003
   2.8315545067833319E-003
   2.8315993809481569E-003
   2.8316437403539296E-003
   2.8316952985511061E-003
   2.8317542256369836E-003
   2.8318207058148077E-003
   2.8318949255862159E-003
   2.8319770636086880E-003
   2.8320672811218157E-003
   2.8321657120817384E-003
   2.8322724524714885E-003
   2.8323875464554000E-003
   2.8325109690366217E-003
   2.8326426032974418E-003
   2.8327821403455358E-003
   2.8329291106575639E-003
   2.8330837360337419E-003
   2.8332472764346973E-003
   2.8334201152937421E-003
   2.8336028397757396E-003
   2.8337963642733354E-003
   2.8340034112644998E-003
   2.8342257176873103E-003
   2.8344632587780378E-003
   2.8347158830703597E-003
   2.8349834065371084E-003
   2.8352656010704855E-003
   2.8355622298906315E-003
   2.8358730568927245E-003
   2.8361978423843341E-003
   2.8365364176704431E-003
   2.8368894560360357E-003
   2.8372566726838156E-003
   2.8376375396482775E-003
   2.8380316017221205E-003
   2.8384384421342532E-003
   2.8388576643933101E-003
   2.8392888828274970E-003
   2.8397317180631930E-003
   2.8401857954076853E-003
   2.8406507449599814E-003
   2.8411262027267944E-003
   2.8416118122676663E-003
   2.8421072265242481E-003
   2.8426121095507569E-003
   2.8431261689950112E-003
   2.8436492263970510E-003
   2.8441811674634766E-003
   2.8447218485888109E-003
   2.8452711256166090E-003
   2.8458288710178129E-003
   2.8463949967489030E-003
   2.8469693891758751E-003
   2.8475519369740216E-003
   2.8481425417919873E-003
   2.8487411334923644E-003
   2.8493476931818859E-003
   2.8499622257136333E-003
   2.8505847392340635E-003
   2.8512152499012714E-003
   2.8518537853263527E-003
   2.8525003871754861E-003
   2.8531551115993296E-003
   2.8538180289175434E-003
   2.8544892225968199E-003
   2.8551687881415745E-003
   2.8558568323513917E-003
   2.8565534653516036E-003
   2.8572587983528852E-003
   2.8579729414382562E-003
   2.8586960007739208E-003
   2.8594280755208914E-003
   2.8601692545878218E-003
   2.8609196133857315E-003
   2.8616792106606042E-003
   2.8624480854788658E-003
   2.8632262543879213E-003
   2.8640137079500834E-003
   2.8648104061888965E-003
   2.8656162768090770E-003
   2.8664312151125732E-003
   2.8672550841156962E-003
   2.8680877149416082E-003
   2.8689289076413681E-003
   2.8697784321080957E-003
   2.8706360301539364E-003
   2.8715014183932478E-003
   2.8723742912098336E-003
   2.8732543242950609E-003
   2.8741411781525762E-003
   2.8750345010615306E-003
   2.8759339318989463E-003
   2.8768391023910179E-003
   2.8777496386109547E-003
   2.8786651607219087E-003
   2.8795852815171889E-003
   2.8805096046454265E-003
   2.8814377232933321E-003
   2.8823692191026437E-003
   2.8833036617273533E-003
   2.8842406091977423E-003
   2.8851796087110428E-003
   2.8861201970637258E-003
   2.8870619018835845E-003
   2.8880042447824044E-003
   2.8889467457828806E-003
   2.8898889290886703E-003
   2.8908303299372455E-003
   2.8917705025584698E-003
   2.8927090288187267E-003
   2.8936455240518646E-003
   2.8945796439487047E-003
   2.8955110910253933E-003
   2.8964396188162433E-003
   2.8973650325085157E-003
   2.8982871856301196E-003
   2.8992059730138398E-003
   2.9001213209042076E-003
   2.9010331754046256E-003
   2.9019414906027562E-003
   2.9028462066371438E-003
   2.9036440412582971E-003
   2.9033682728358350E-003
   2.9030999403622908E-003
   2.9028394334696885E-003
   2.9025870428745337E-003
   2.9023430798560124E-003
   2.9021078461245456E-003
   2.9018815934399355E-003
   2.9016644794116466E-003
   2.9014565285659429E-003
   2.9012576092561416E-003
   2.9010679205804788E-003
   2.9008876475505106E-003
   2.9007161901890084E-003
   2.9005475721166642E-003
   2.9003588149997817E-003
   2.9001773780273883E-003
   2.9000029313877729E-003
   2.8998350710191683E-003
   2.8996733744735743E-003
   2.8995178249627139E-003
   2.8993685261475724E-003
   2.8992255352921544E-003
   2.8990890199012899E-003
   2.8989589578473215E-003
   2.8988338674007866E-003
   2.8987140334733744E-003
   2.8985999913040067E-003
   2.8984924693780758E-003
   2.8983924989806151E-003
   2.8983000632884933E-003
   2.8982117429230355E-003
   2.8981275859528825E-003
   2.8980476020851746E-003
   2.8979657856043938E-003
   2.8978826499648325E-003
   2.8978046997200049E-003
   2.8977340733093299E-003
   2.8976711659325556E-003
   2.8976158480304671E-003
   2.8975670034020952E-003
   2.8975211632064637E-003
   2.8974776096334434E-003
   2.8974358944891089E-003
   2.8973957098572169E-003
   2.8973567991742604E-003
   2.8973190650752353E-003
   2.8972824718885145E-003
   2.8972469470024101E-003
   2.8972124772953908E-003
   2.8971791001546131E-003
   2.8971468968246872E-003
   2.8971159874897376E-003
   2.8970865279918908E-003
   2.8970587075584646E-003
   2.8970327472345307E-003
   2.8970088986441139E-003
   2.8969866997206233E-003
   2.8969634727035337E-003
   2.8969397910766450E-003
   2.8969162729279652E-003
   2.8968934232058924E-003
   2.8968716709596777E-003
   2.8968513885322057E-003
   2.8968329019424910E-003
   2.8968164967540467E-003
   2.8968024215671418E-003
   2.8967908902520962E-003
   2.8967820835364153E-003
   2.8967762342964345E-003
   2.8967736977095265E-003
   2.8967746196511285E-003
   2.8967790131500036E-003
   2.8967868859517002E-003
   2.8967984327582788E-003
   2.8968138139202353E-003
   2.8968331574784575E-003
   2.8968565590615477E-003
   2.8968840794193372E-003
   2.8969157787937408E-003
   2.8969515826364227E-003
   2.8969908886885953E-003
   2.8970336452605835E-003
   2.8970798962176182E-003
   2.8971295848362649E-003
   2.8971825366557930E-003
   2.8972384322321480E-003
   2.8972978583753626E-003
   2.8973615836294878E-003
   2.8974289477687060E-003
   2.8974994504355439E-003
   2.8975727066070031E-003
   2.8976420046441182E-003
   2.8977124955395076E-003
   2.8977849302035874E-003
   2.8978592590673466E-003
   2.8979353890326263E-003
   2.8980131878682826E-003
   2.8980924869722842E-003
   2.8981730823570951E-003
   2.8982547336916264E-003
   2.8983371610765696E-003
   2.8984200391230278E-003
   2.8985029876596635E-003
   2.8985855583000212E-003
   2.8986672163649131E-003
   2.8987474837033956E-003
   2.8988273605067569E-003
   2.8989071310133382E-003
   2.8989868037277502E-003
   2.8990660362106613E-003
   2.8991449283381700E-003
   2.8992235981182713E-003
   2.8993021213069431E-003
   2.8993825407289172E-003
   2.8994658501188754E-003
   2.8995515010574024E-003
   2.8996390149076093E-003
   2.8997279953231771E-003
   2.8998181227153541E-003
   2.8999091252519911E-003
   2.9000007851257602E-003
   2.9000806984431134E-003
   2.9001600878342795E-003
   2.9002396149318183E-003
   2.9003196138160706E-003
   2.9004005014160819E-003
   2.9004821126080312E-003
   2.9005643427314483E-003
   2.9006471470881265E-003
   2.9007305219162973E-003
   2.9008144924969818E-003
   2.9008991057198823E-003
   2.9009844252967840E-003
   2.9010705286071380E-003
   2.9011575043203890E-003
   2.9012454501716432E-003
   2.9013344710793511E-003
   2.9014246758937707E-003
   2.9015161836498681E-003
   2.9016091329700086E-003
   2.9017037216311995E-003
   2.9018001143831774E-003
   2.9018984544657241E-003
   2.9019988656765888E-003
   2.9021014555902836E-003
   2.9022063195841470E-003
   2.9023135509201482E-003
   2.9024232194615382E-003
   2.9025353763655875E-003
   2.9026500570472971E-003
   2.9027672830375514E-003
   2.9028870631237500E-003
   2.9030093963940693E-003
   2.9031342793269053E-003
   2.9032616895506369E-003
   2.9033915849579089E-003
   2.9035239057547822E-003
   2.9036585761098867E-003
   2.9037955059379255E-003
   2.9039345924204911E-003
   2.9040757218371537E-003
   2.9040347390156414E-003
   2.9039899690323184E-003
   2.9039467809836381E-003
   2.9039051618370941E-003
   2.9038650927376065E-003
   2.9038265488197626E-003
   2.9037894990329373E-003
   2.9037539059448801E-003
   2.9037197254882900E-003
   2.9036869066397172E-003
   2.9036553910135989E-003
   2.9036251123623455E-003
   2.9035959962550794E-003
   2.9035679618214286E-003
   2.9035409331200691E-003
   2.9035148385630756E-003
   2.9034896124210483E-003
   2.9034651969153990E-003
   2.9034415442413886E-003
   2.9034186183484233E-003
   2.9033963962769530E-003
   2.9033748688389455E-003
   2.9033540403287481E-003
   2.9033339273711076E-003
   2.9033145601016163E-003
   2.9032959869553752E-003
   2.9032782846702141E-003
   2.9032615353370103E-003
   2.9032458261775062E-003
   2.9032312478526022E-003
   2.9032178933836865E-003
   2.9032058575231643E-003
   2.9031952363788075E-003
   2.9031861271055820E-003
   2.9031786275124255E-003
   2.9031728354833963E-003
   2.9031688481652692E-003
   2.9031667609210258E-003
   2.9031666741029583E-003
   2.9031687081792863E-003
   2.9031730568222979E-003
   2.9031798989149890E-003
   2.9031894008560181E-003
   2.9032017134868354E-003
   2.9032169692738809E-003
   2.9032352799270374E-003
   2.9032567338475534E-003
   2.9032813922119836E-003
   2.9033092869457304E-003
   2.9033404243038520E-003
   2.9033747850020298E-003
   2.9034123250684368E-003
   2.9034529769901059E-003
   2.9034966510821944E-003
   2.9035432370265839E-003
   2.9035926464135581E-003
   2.9036450579149244E-003
   2.9037003200980955E-003
   2.9037582411149923E-003
   2.9038186176146806E-003
   2.9038812368942643E-003
   2.9039458791196913E-003
   2.9039897993614035E-003
   2.9040294691409139E-003
   2.9040705305582435E-003
   2.9041128119072848E-003
   2.9041561445083074E-003
   2.9042003642994908E-003
   2.9042453133362850E-003
   2.9042908411909094E-003
   2.9043368062428810E-003
   2.9022296002502185E-003
   2.8981541817041431E-003
   2.8941802806833226E-003
   2.8902979609667016E-003
   2.8864966763961506E-003
   2.8827653821991385E-003
   2.8790926525835750E-003
   2.8754668034633077E-003
   2.8718760188232409E-003
   2.8683084795316669E-003
   2.8647524938729594E-003
   2.8611966279435503E-003
   2.8576298287546083E-003
   2.8540415466300328E-003
   2.8504218515667283E-003
   2.8467615433529565E-003
   2.8430522558715466E-003
   2.8392865515859565E-003
   2.8354580071909825E-003
   2.8315612884364143E-003
   2.8275922154739419E-003
   2.8235478266458508E-003
   2.8194264268332097E-003
   2.8152276127126770E-003
   2.8109522798036553E-003
   2.8066026112795028E-003
   2.8021820516556783E-003
   2.7976952672571003E-003
   2.7931481133062117E-003
   2.7885475157309820E-003
   2.7839013740975573E-003
   2.7792184533152664E-003
   2.7745082659787102E-003
   2.7697809469842578E-003
   2.7650471218374443E-003
   2.7603177751590459E-003
   2.7556041396262780E-003
   2.7509175877643531E-003
   2.7462694721514637E-003
   2.7416709773761326E-003
   2.7371329693843759E-003
   2.7326658787508087E-003
   2.7282796584276589E-003
   2.7239835879058305E-003
   2.7197860617686935E-003
   2.7156944352498291E-003
   2.7117147909426252E-003
   2.7078517426298823E-003
   2.7041084180629781E-003
   2.7004870576725934E-003
   2.6969887801193775E-003
   2.6936138650049783E-003
   2.6903621021560011E-003
   2.6872330520235168E-003
   2.6842260678746725E-003
   2.6813407188694808E-003
   2.6785801764034442E-003
   2.6759457552648952E-003
   2.6734346239839454E-003
   2.6710429116925424E-003
   2.6687657133602342E-003
   2.6665971553993641E-003
   2.6645308160553826E-003
   2.6625626246379302E-003
   2.6606875063161194E-003
   2.6588979119386430E-003
   2.6571854276578356E-003
   2.6555439647696832E-003
   2.6539674634173597E-003
   2.6524453759081820E-003
   2.6509670346306405E-003
   2.6495215931685552E-003
   2.6480987635579501E-003
   2.6466959650177564E-003
   2.6453028149787455E-003
   2.6439075516623543E-003
   2.6424982240425858E-003
   2.6410629964432743E-003
   2.6395906376647004E-003
   2.6380710851046907E-003
   2.6364948224563223E-003
   2.6348567936995688E-003
   2.6331582899266166E-003
   2.6314067881230102E-003
   2.6296270455511521E-003
   2.6278475506066636E-003
   2.6260812172753125E-003
   2.6243448839115089E-003
   2.6226495007192936E-003
   2.6210095714777381E-003
   2.6194459244534988E-003
   2.6179675742471122E-003
   2.6165816693529730E-003
   2.6152930597337911E-003
   2.6141019735076159E-003
   2.6130035941649980E-003
   2.6119898832538189E-003
   2.6110522551970818E-003
   2.6101802632303244E-003
   2.6093634708985874E-003
   2.6085929670419867E-003
   2.6078677536389397E-003
   2.6071896568113134E-003
   2.6065601258647019E-003
   2.6059540208043246E-003
   2.6053716606889050E-003
   2.6048413426769364E-003
   2.6043448530004374E-003
   2.6038794718026320E-003
   2.6034444490556784E-003
   2.6030369850205248E-003
   2.6026528418727464E-003
   2.6022925363553950E-003
   2.6019580698372711E-003
   2.6016496674787747E-003
   2.6013638618563131E-003
   2.6010944749151905E-003
   2.6008362612201285E-003
   2.6005853212958613E-003
   2.6003400677369571E-003
   2.6001000114095232E-003
   2.5998648860923977E-003
   2.5996346047384719E-003
   2.5994092280187849E-003
   2.5991889403222399E-003
   2.5989622419962076E-003
   2.5987383259243697E-003
   2.5985199059176504E-003
   2.5983076673833099E-003
   2.5981023462071941E-003
   2.5979047226566058E-003
   2.5977156160882490E-003
   2.5975351206869949E-003
   2.5973596650379857E-003
   2.5971884789560244E-003
   2.5970216548003491E-003
   2.5968596016333386E-003
   2.5967031414566247E-003
   2.5965534952803039E-003
   2.5964117531914331E-003
   2.5962790711216710E-003
   2.5961566780062853E-003
   2.5960437412732604E-003
   2.5959398496023596E-003
   2.5958253506681520E-003
   2.5957182063076878E-003
   2.5956248456063991E-003
   2.5955468300143643E-003
   2.5954856099593060E-003
   2.5954425200634818E-003
   2.5954187755695664E-003
   2.5954154645674086E-003
   2.5954335371639599E-003
   2.5954737854306884E-003
   2.5955368066955340E-003
   2.5956236959611464E-003
   2.5957365119535811E-003
   2.5958737544868062E-003
   2.5960236132437451E-003
   2.5961570254138685E-003
   2.5963075215350057E-003
   2.5964764288258424E-003
   2.5966644356950515E-003
   2.5968722031214976E-003
   2.5971004156199601E-003
   2.5973497427903918E-003
   2.5976208153230943E-003
   2.5979142078700252E-003
   2.5982304203883764E-003
   2.5985697083771571E-003
   2.5989325218955463E-003
   2.5993216726204987E-003
   2.5997394446674593E-003
   2.6001867337832759E-003
   2.6006642346957779E-003
   2.6011724058602288E-003
   2.6017114464009184E-003
   2.6022812042023366E-003
   2.6028830588854168E-003
   2.6035187106089293E-003
   2.6041863409171353E-003
   2.6048848304966255E-003
   2.6056134072133651E-003
   2.6063716971029618E-003
   2.6071612853369851E-003
   2.6079823491728959E-003
   2.6088345820654600E-003
   2.6097175510204273E-003
   2.6106306937523876E-003
   2.6115733741694847E-003
   2.6125449026410093E-003
   2.6135450412751600E-003
   2.6145739222441628E-003
   2.6156305167857248E-003
   2.6167138209368421E-003
   2.6178229028661830E-003
   2.6189568903502557E-003
   2.6201149658789387E-003
   2.6212963669780226E-003
   2.6225003882455024E-003
   2.6237263840239843E-003
   2.6249737709917011E-003
   2.6262420707086065E-003
   2.6275309873633563E-003
   2.6288404067141974E-003
   2.6301702006600244E-003
   2.6315202735393817E-003
   2.6328905850055151E-003
   2.6342811636031029E-003
   2.6356921144894446E-003
   2.6371236048210074E-003
   2.6385758791875203E-003
   2.6400492640952103E-003
   2.6415441693253814E-003
   2.6430610888400316E-003
   2.6446005978303442E-003
   2.6461633483059648E-003
   2.6477500219016896E-003
   2.6493613351930628E-003
   2.6509980397907119E-003
   2.6526609194326496E-003
   2.6543507834937887E-003
   2.6560684573719443E-003
   2.6578147668609477E-003
   2.6595905429314232E-003
   2.6613966133735376E-003
   2.6632337928143499E-003
   2.6651028725463845E-003
   2.6670046104155893E-003
   2.6689397209399670E-003
   2.6709088657923029E-003
   2.6729126447556256E-003
   2.6749515872146828E-003
   2.6770261417524794E-003
   2.6791366677522423E-003
   2.6812834304436759E-003
   2.6834665978517349E-003
   2.6856862377101975E-003
   2.6879423148850790E-003
   2.6902346898142488E-003
   2.6925631176677243E-003
   2.6949272478935227E-003
   2.6973266244260854E-003
   2.6997606866822951E-003
   2.7022287713824198E-003
   2.7047301152201618E-003
   2.7072638583663989E-003
   2.7098290497118722E-003
   2.7124246532193898E-003
   2.7150495552091263E-003
   2.7177025719742113E-003
   2.7203824579684161E-003
   2.7230879144700035E-003
   2.7258175988380141E-003
   2.7285701346096924E-003
   2.7313441216125492E-003
   2.7341381460653739E-003
   2.7369507908368979E-003
   2.7397806458453211E-003
   2.7426263184752377E-003
   2.7450579008951558E-003
   2.7420920007513593E-003
   2.7391250215554469E-003
   2.7361478959361369E-003
   2.7331518617739860E-003
   2.7301287439790377E-003
   2.7270712660060043E-003
   2.7239733994176216E-003
   2.7208307321081484E-003
   2.7176409504924368E-003
   2.7144034926516627E-003
   2.7111193697918813E-003
   2.7077909137551794E-003
   2.7044215305741656E-003
   2.7010154999370052E-003
   2.6975778134598620E-003
   2.6941142724879103E-003
   2.6906320424193476E-003
   2.6871392913906233E-003
   2.6836441723978679E-003
   2.6801546309040050E-003
   2.6766781688071467E-003
   2.6732218402858252E-003
   2.6697937835542724E-003
   2.6664022233767785E-003
   2.6630529771444087E-003
   2.6597514503289500E-003
   2.6565027506396939E-003
   2.6533117080625532E-003
   2.6501828683390596E-003
   2.6471204640636206E-003
   2.6441284292449590E-003
   2.6412125479890122E-003
   2.6383788646656562E-003
   2.6356315445901549E-003
   2.6329741802702043E-003
   2.6304103367283775E-003
   2.6279468328140633E-003
   2.6255858878778755E-003
   2.6233292564875957E-003
   2.6211783654818866E-003
   2.6191342153460821E-003
   2.6171980731154810E-003
   2.6153794495045245E-003
   2.6136123311866770E-003
   2.6119505039493142E-003
   2.6104323210395506E-003
   2.6090577023920995E-003
   2.6078228748290027E-003
   2.6067196885013839E-003
   2.6057359479587806E-003
   2.6048563376349075E-003
   2.6040669243712735E-003
   2.6033563891690371E-003
   2.6027084367209728E-003
   2.6021091693570779E-003
   2.6014637408221554E-003
   2.6006881603209612E-003
   2.5999558215447989E-003
   2.5992621902214291E-003
   2.5986094088276900E-003
   2.5979972240291246E-003
   2.5974239640021738E-003
   2.5968886864514741E-003
   2.5963905700471467E-003
   2.5959287001496171E-003
   2.5955019680926629E-003
   2.5951086822652604E-003
   2.5947459651156561E-003
   2.5944111446218263E-003
   2.5940954983069255E-003
   2.5937892478538646E-003
   2.5934896205913479E-003
   2.5931947489624251E-003
   2.5929020816140408E-003
   2.5926090816520571E-003
   2.5923141957364102E-003
   2.5920170921983907E-003
   2.5917168498648404E-003
   2.5914094731355423E-003
   2.5910956526052718E-003
   2.5907768711612082E-003
   2.5904489988385353E-003
   2.5900563960689644E-003
   2.5896643582191329E-003
   2.5892753525245935E-003
   2.5888917661190838E-003
   2.5884993834382215E-003
   2.5881049352989376E-003
   2.5877272199786149E-003
   2.5873676445252944E-003
   2.5870275760663634E-003
   2.5867083067090003E-003
   2.5864110306912029E-003
   2.5861368298780939E-003
   2.5858866664787480E-003
   2.5856613798058391E-003
   2.5854616884359448E-003
   2.5852817847458781E-003
   2.5851079538348450E-003
   2.5849505429011432E-003
   2.5848087514688148E-003
   2.5846824901941188E-003
   2.5845719582345346E-003
   2.5844777176239689E-003
   2.5843786962351594E-003
   2.5842803576827987E-003
   2.5842002807240252E-003
   2.5841345522952678E-003
   2.5840851886409612E-003
   2.5840540081735236E-003
   2.5840425267051261E-003
   2.5840520434231434E-003
   2.5840836712436007E-003
   2.5841383418239096E-003
   2.5842168008902797E-003
   2.5843197971491044E-003
   2.5844491080885771E-003
   2.5846042229571583E-003
   2.5847840780855737E-003
   2.5849883661803155E-003
   2.5852164428730256E-003
   2.5854603873397154E-003
   2.5857165818391832E-003
   2.5859873360480593E-003
   2.5862744860130084E-003
   2.5865791475145508E-003
   2.5868860250779285E-003
   2.5871736833667455E-003
   2.5874787588191571E-003
   2.5878019167902451E-003
   2.5881437949521386E-003
   2.5885050007226004E-003
   2.5888858926824332E-003
   2.5892869234769582E-003
   2.5897087677598440E-003
   2.5901525743869166E-003
   2.5906220427444637E-003
   2.5911178259534462E-003
   2.5916402623749283E-003
   2.5921896060837920E-003
   2.5927671909790496E-003
   2.5933757393029251E-003
   2.5940142983807302E-003
   2.5946823579633066E-003
   2.5953796764276592E-003
   2.5961061934142585E-003
   2.5968625539344384E-003
   2.5976496706199832E-003
   2.5984680594024951E-003
   2.5993180360126163E-003
   2.6001997624702723E-003
   2.6011132819461985E-003
   2.6020585439020497E-003
   2.6030354976968677E-003
   2.6040447944498868E-003
   2.6050862271945418E-003
   2.6061594233965555E-003
   2.6072639958354842E-003
   2.6083995467092317E-003
   2.6095656712933051E-003
   2.6107619610149665E-003
   2.6119880061817283E-003
   2.6132433981353159E-003
   2.6145277308423105E-003
   2.6158406017214261E-003
   2.6171816202589068E-003
   2.6185504643702487E-003
   2.6199470252767586E-003
   2.6213711647122486E-003
   2.6228227021555793E-003
   2.6243014388017041E-003
   2.6258071782069665E-003
   2.6273397510485456E-003
   2.6288989680743544E-003
   2.6304846425006224E-003
   2.6320966027687217E-003
   2.6337347000814104E-003
   2.6353988130338548E-003
   2.6370888585222222E-003
   2.6388048039118124E-003
   2.6405466363537610E-003
   2.6423143369500167E-003
   2.6441078902064790E-003
   2.6459272887084952E-003
   2.6477725356124837E-003
   2.6496436453281530E-003
   2.6515406420006328E-003
   2.6534635549816969E-003
   2.6554124200052717E-003
   2.6573872795878305E-003
   2.6593881814814921E-003
   2.6614151762237247E-003
   2.6634683141555050E-003
   2.6655476421379568E-003
   2.6676532001175374E-003
   2.6697850176525921E-003
   2.6719431104028327E-003
   2.6741274715628531E-003
   2.6763380688728999E-003
   2.6785748443027219E-003
   2.6808377141011408E-003
   2.6831265678815821E-003
   2.6854412676362151E-003
   2.6877816471215085E-003
   2.6901475115275776E-003
   2.6925386369619406E-003
   2.6949547695053755E-003
   2.6973956247511445E-003
   2.6998608874011600E-003
   2.7023502111431065E-003
   2.7048632187010881E-003
   2.7073995027855845E-003
   2.7099586282325313E-003
   2.7125401343590389E-003
   2.7151435374208575E-003
   2.7177683333686909E-003
   2.7204140007562059E-003
   2.7230800041592915E-003
   2.7257657975887626E-003
   2.7284708278405502E-003
   2.7311945380331156E-003
   2.7339363713057606E-003
   2.7366957746478974E-003
   2.7394722028222184E-003
   2.7422651223398538E-003
   2.7450740154946729E-003
   2.7478983845764695E-003
   2.7507377559717531E-003
   2.7535916839963588E-003
   2.7564597544441857E-003
   2.7593415878438359E-003
   2.7622368424145972E-003
   2.7651452166955644E-003
   2.7680664517905369E-003
   2.7710003332296618E-003
   2.7739466924367132E-003
   2.7769054077908997E-003
   2.7798764052718535E-003
   2.7828596586802917E-003
   2.7858551894305284E-003
   2.7888630658787932E-003
   2.7918834021668634E-003
   2.7949163565920195E-003
   2.7979621295158709E-003
   2.8010209608282910E-003
   2.8040931269845445E-003
   2.8071789376348027E-003
   2.8102787318663152E-003
